Step Rg RMSD_XY E_Interface E_Poly_Internal T_Local
841400 42.535169422621002866 0.45328496506106197295 -23113.208312840499275 130352.78388335999625 305.95440691186399818
842100 42.540758618377097378 0.62089680795528701118 -23199.396095243901073 130287.87782607399276 309.60571769881897808
842800 42.5479552254717035 0.69470925044507803037 -23302.528452416001528 130652.31394387499313 308.20849495981099153
843500 42.547893051308101064 0.73845418840125698345 -23129.737314309499197 130539.17853177100187 308.10686213773601594
844200 42.549070827246602278 0.77101309374769699811 -23031.038876823298779 130576.32831133400032 307.9642892246960173
844900 42.545911850449400049 0.80822208325923394767 -23151.200261327699991 130100.65731994999805 307.39922817908001207
845600 42.539037688359101708 0.84765649749008198377 -23142.633317613501276 130551.61730404800619 308.86935269405398685
846300 42.524546897248001187 0.86913420834479004906 -23161.794131732800452 131103.69823536899639 309.22922737220102363
847000 42.512206594539101445 0.8803763333307840222 -23043.670823692700651 130805.50548331999744 307.94964585586598105
847700 42.499751951196202526 0.89642005489154596987 -22933.059691209800803 130725.87037216000317 309.14848122506901973
848400 42.490416017829602424 0.91556034890487103528 -23042.06586660839821 130782.23018479399616 310.93001319998597864
849100 42.484035962449802071 0.9290861370590269841 -22986.979320203899988 130766.61922939799842 309.84186352316697821
849800 42.481785517035397959 0.94875771089492599852 -22840.805903269698319 130578.78222404900589 310.59808089030599376
850500 42.480610566238603099 0.96897962857399899672 -22995.195362087000831 130674.28105300100287 309.38515941758697636
851200 42.48460122641819936 0.97424635315574503736 -22943.720385183900362 130657.20938618300715 311.20402945427099439
851900 42.493531536121999181 0.98150446582793604566 -23064.530676078800752 130757.06245439199847 309.59954027693402168
852600 42.502284575046196835 0.98939463543710604032 -23008.608747106398368 130844.5679564220045 308.8164852947700183
853300 42.507071868236700141 1.0060297041050900724 -22961.948377803899348 130672.6739689840033 308.47432033019902065
854000 42.509200542579300475 1.0177857791335800375 -22927.863662782798201 130824.67037126500509 308.97299916770600703
854700 42.510799707470496855 1.0275447269684701013 -23013.197622074399987 130172.81743970100069 307.09806951226499905
855400 42.513835237695197122 1.0379780704832599625 -22974.759641743901739 130454.2724467299995 307.60110541190499589
856100 42.517888760974599904 1.0467495579278300877 -23045.195287853701302 130944.49220663700544 306.15158285483897771
856800 42.529808196837301182 1.0516222610494900813 -23094.233524755498365 130443.03131910400407 306.92855072259601457
857500 42.538055077347003419 1.0635644310668299628 -23032.273434855098458 130413.43325405300129 307.32178897568502407
858200 42.540606646534897095 1.0775095619127899038 -23013.775151966998237 130409.87297990900697 305.94124081917601643
858900 42.542454117728802032 1.0924371797650000993 -23015.991275832100655 130665.65491049499542 306.96650926695497219
859600 42.540394167841299122 1.1060512243172899716 -23088.679777447701781 130951.86741662399436 308.53731968504200722
860300 42.535529525025403075 1.1172747621116099204 -23004.254106926498935 130496.7972984789958 306.47689850422801783
861000 42.540175839070798247 1.1257388953133400378 -22979.546519384301064 130564.68577340399497 305.55678489578497192
861700 42.546561469109498432 1.1339735748742199029 -23065.186395461398206 130702.86208799800079 306.45035582961702403
862400 42.555407916088498155 1.1387908634691599197 -22995.14665310430064 131159.0403236229904 306.06185004015600271
863100 42.563213159941597041 1.1513230010708299655 -23132.92782471080136 130847.52714202700008 306.82803961404601978
863800 42.570661586361801199 1.1636222884060800631 -23002.297186000101647 130561.84220884600654 306.7875425371610163
864500 42.57347777468910266 1.1736046373952999655 -23054.30818903259933 130759.73575719499786 306.30937485174501944
865200 42.57973669454469956 1.192026959112090001 -23015.018829801800166 130923.57711365399882 308.59556313343802003
865900 42.587690687452699478 1.199146965208869986 -23198.184932350199233 130768.45164952600317 305.989908724610018
866600 42.589974029019700197 1.2070838683699700589 -23211.672611674901418 130500.46315738599515 304.64367571503402132
867300 42.590825060513800793 1.210954163572200093 -23197.166631647400209 130607.36440927599324 307.10795316976600589
868000 42.593947927174497181 1.2178604927748200026 -23217.794378606999089 130013.09048876000452 308.38542082923100907
868700 42.595358612152502076 1.2188926147237499897 -23188.942064165199554 130327.74027306299831 307.98137153540699273
869400 42.596045059389197718 1.2279591988742899478 -23152.609066713601351 130845.32001735300582 307.01189458262899734
870100 42.596631039853598111 1.2407161751115700632 -23071.623025367098307 130789.31085753299703 308.52896721269598856
870800 42.593151852093697585 1.2543963686879100461 -23113.05444159579929 130471.21952710300684 306.6472663283240081
871500 42.585979654582601484 1.2544853693018800378 -23231.179416558701632 130533.74174914800096 304.98523919795002257
872200 42.577102168043403196 1.2536020741742299744 -23164.590461719701125 130565.96784593499615 308.0193527879940234
872900 42.573800557889299512 1.2514277108614400014 -23336.822106707699277 130742.05374054399726 308.06977388066297863
873600 42.566006580232397027 1.259941827105119927 -23062.4349185475985 130528.47561216099712 306.28750401134101367
874300 42.559910497248601757 1.2646357484050601006 -23166.441159814999992 130516.27882974800013 306.63001693558499028
875000 42.554399447101701526 1.2707427706619700558 -23051.639013755200722 130850.00773143800325 307.81848953000297797
875700 42.55137390738659775 1.2728054264972399334 -23142.834959379899374 130562.78499416599516 309.90511445861000084
876400 42.546326879404702481 1.28375072587065997 -23199.538311743701342 130832.69147706200602 308.28685981073897437
877100 42.545505251286400039 1.2979200106225599054 -23177.567385612499493 130635.90377201800584 307.03533100949397294
877800 42.545148216154700549 1.3081837854821900535 -23051.773268630400707 130527.54765893399599 308.3797749642849908
878500 42.548174402696396612 1.3213636773243500055 -23240.660069924600975 130808.90503049400286 304.45892607555697396
879200 42.552028465576903216 1.331339465156700097 -23279.019374548799533 130784.73307235000539 306.30123235201000398
879900 42.559080814358701161 1.3345645487585100497 -23155.081499121301022 130635.56567509500019 306.95275288816901593
880600 42.564709697205998395 1.3451531243626000389 -23167.246610105299624 130410.2493319560017 308.03217158280801868
881300 42.569628158656797723 1.3471798173577200775 -23072.326215151500946 130421.20345643500332 305.47892410301398058
882000 42.573511550932899183 1.3529881558121199525 -23165.876516353600891 130253.79653472200152 307.10112276492299088
882700 42.57985858794359757 1.3573344712021999658 -23083.992042233399843 130451.54573132599762 307.28675821396802803
883400 42.585810179564099087 1.371654306364419984 -23195.746351106299699 131009.17005590599729 305.68967713393999475
884100 42.598647857630503211 1.3796061721459200733 -23058.443781040299655 130438.16934178599331 309.28184074334097886
884800 42.61218494343759744 1.3857891740380698931 -23007.916072420801356 130642.9952394629945 307.55674477688398838
885500 42.621985581448399216 1.3956096202210299673 -22991.894879430099536 130292.94421945000067 305.87574608863701542
886200 42.633489928410696734 1.401209118936590059 -23068.944745762699313 130101.40345958499529 305.8123573226440044
886900 42.645215713545098879 1.4042274408342600989 -23122.740389509101078 129951.48383303200535 308.28993182449698907
887600 42.652050187775699897 1.4102782005492300321 -23136.006048406601622 130723.96018494899909 305.21640101116099686
888300 42.657886120687102505 1.4164528434107599431 -23257.784389117699902 130123.90957027299737 309.21907988735398476
889000 42.662840602037100268 1.42533519700318001 -23139.240613487101655 130248.90253245999338 307.04759659034800734
889700 42.667062854267001626 1.4369354881136799928 -23190.152477276798891 130217.12182998300705 307.62461702040201317
890400 42.66918479988400037 1.4430836867415099967 -23054.824791908700718 130738.33962205400167 305.75552656650302197
891100 42.673133123997899929 1.4448263475255300747 -23250.41219291969901 130454.19875813000544 305.83566384492002044
891800 42.674768849795498227 1.4534183384101500014 -23152.288377541000955 130526.48462787100289 306.24342259981199277
892500 42.673765509530802831 1.4640655100016999324 -23109.167713559698313 130480.41380683300667 307.70294413555598112
893200 42.67251668797540276 1.4739938899723898924 -23143.515473460800422 130884.22989942200365 305.60260154263897903
893900 42.668270817307998755 1.4766375832872700169 -23064.419717035398207 130345.16916481500084 306.67093368683600829
894600 42.661372002945100235 1.4852955627067800926 -23209.969561476598756 130730.08377492100408 305.35105972029498389
895300 42.653143288455098059 1.4870435604585299227 -23284.881317191200651 129880.00642911200703 304.9007557584289998
896000 42.653054593150102392 1.4897178261117400844 -23119.699382247501489 130250.8459296850051 308.05235148197499484
896700 42.656196879981997938 1.5033349742795298898 -22961.95261955029855 130758.98447036900325 305.26298674123199817
897400 42.663471467218300859 1.5046919281711099714 -23058.910815016901324 130685.77633195600356 306.79505066602598617
898100 42.670001166676001958 1.5096485200163098916 -23056.723074265701143 130642.72474395799509 305.5664436526129748
898800 42.669307162385997856 1.5168644346939998968 -23156.264585658198484 130472.85056478700426 307.99860540333099834
899500 42.66992080958409872 1.5147612040717799431 -22992.665945014199679 130863.89716293399397 304.7231704620909909
900200 42.667897445170197557 1.5173420546151599186 -23108.243601310299709 130582.37913256199681 305.44964831323699173
900900 42.667392028549897987 1.5167150653770000712 -23038.391678631498507 130607.32267081299506 304.40342902983400108
901600 42.671897794106200763 1.5231568368849799366 -22959.105328973400901 130038.41527747199871 305.85403242040200666
902300 42.670784231723501989 1.5297122628693500257 -22906.748870278999675 130209.17221986000368 306.82508923323501904
903000 42.670238434936102578 1.5357197654503300654 -22931.350162359398382 130454.39133703100379 304.99173868433399548
903700 42.668747581900497323 1.5410925575403999765 -22926.307953805699071 131224.23671080099302 304.47593445535898127
904400 42.668486781361998794 1.5517748274602800596 -22881.640902477200143 130824.31270738299645 305.34712277831698657
905100 42.668390974566300144 1.5592622143304599724 -22968.105537678999099 130393.45345887400617 307.96001081123699805
905800 42.665835329298602119 1.5682849517553600904 -22979.846447063398955 130306.90774064300058 308.36262749665797855
906500 42.67343819155129836 1.5683810052958500059 -22911.575046343401482 130258.4298846659949 305.89027200076299096
907200 42.68095830298769755 1.570628764302399949 -22839.739860236299137 130082.48234427800344 306.29263660016897575
907900 42.679342439948896981 1.5783519092693099051 -22825.307974102499429 130788.73156297199603 305.47784738585801279
908600 42.678845479896999393 1.5900517155911699785 -22753.688187749201461 130548.52521550300298 302.76837214838201362
909300 42.68375199060979952 1.6021783663819699761 -22796.429123637401062 130168.50250483700074 307.17544098419102738
910000 42.686044088085701276 1.6102697986898000249 -22928.616699016100029 130361.24596302999998 306.90494554785698256
910700 42.686114350837300435 1.617693177243910041 -23132.275386633398739 130544.91417522300617 306.20813344166498382
911400 42.684897021294197828 1.6139898538109700432 -23129.316944597401744 130444.90772379000555 304.2939941347639774
912100 42.686042508792198191 1.6144420521327700335 -23152.67293805080044 130825.42996298799699 305.66515238369299823
912800 42.687055993429702028 1.6158290635698200344 -22901.734672643200611 130083.02171507199819 306.83735352027099452
913500 42.69081097696390259 1.6161251528803100008 -22923.129938532001688 130183.78239063199726 305.09138495776397804
914200 42.688994126246797123 1.6140850538396700475 -23062.189881324698945 130508.3524082179938 305.65280121679899139
914900 42.687883427087001564 1.6127066804110499199 -22948.563108909598668 130418.25363493600162 306.4939895614269858
915600 42.692599113176200376 1.6195680327503700902 -23025.377195836699684 130420.88666178799758 305.54673028699198767
916300 42.697679731162999417 1.6283975785869699848 -22879.49701421950158 130161.36392014700687 303.51404803594499526
917000 42.702388124989703044 1.6302633120574299141 -22902.794741781101038 130333.85898121299397 304.77494050060897735
917700 42.706195507357399777 1.6305110215882900881 -22918.867994891901617 130208.4353881470015 305.45204075874801219
918400 42.710131843114197636 1.6361613455029000441 -22979.766660421999404 130553.64461680999375 305.46431633620699131
919100 42.71526704537640029 1.6409952839448200823 -23070.887305470299907 130303.32001432300603 304.4246191594140214
919800 42.720331152135003094 1.6454571743702199882 -23014.821449365601438 130254.45225757200387 305.66539340122199064
920500 42.723346085459702692 1.6526497897982799223 -23091.575255239400576 130812.90382908300671 305.80280917335602453
921200 42.726165175721696698 1.6565786098641399615 -23077.630015852300858 131012.38886362900666 306.23238676844397332
921900 42.726347213445798445 1.6648727951709398898 -23081.903352861900203 130276.50349439200363 306.08147182752799154
922600 42.722765316205901343 1.6683378206731500626 -23054.406887053301034 130515.66712423099671 307.58173837556802255
923300 42.720995053832702126 1.6763786270250200516 -22985.999036159199022 130643.78219313800219 305.70056960339400121
924000 42.720734005481503459 1.685070075430409986 -23076.246563957698527 130480.08523464099562 304.22006751913602329
924700 42.720759099651601787 1.6989491053502099316 -23184.988008008298493 130395.21356877600192 306.91507374935099506
925400 42.719977335257098616 1.70204051650432997 -23101.011078853698564 130600.29291803100205 303.06711788500598459
926100 42.714612049497802104 1.7041565959108699868 -23109.993080769800144 130741.11078066099435 307.56746274905299288
926800 42.714730139975500833 1.7075062748271498947 -23156.339321865900274 130741.89490342000499 306.25200698320998072
927500 42.717244898430799083 1.7081078556989699457 -23018.280605226998887 130440.64528831500502 305.249389044484019
928200 42.723390926954600388 1.7173660365068799116 -23094.496702559099504 130199.4747195289965 305.83055431395797541
928900 42.726497721306799349 1.7195692582667398973 -23044.559379660600825 130249.11871260000044 305.3279926811740097
929600 42.726921299580098434 1.7149135227476199894 -23314.7503812586001 130541.20062119700015 307.47187803081300217
930300 42.730709964782100485 1.716222413004369951 -23176.625813802100311 130459.60301026899833 303.65068825972701916
931000 42.739671829693996585 1.7195908047647701089 -23080.498839954900177 130629.07025611300196 304.5188654117919782
931700 42.746352148023198936 1.717238309474949931 -23082.455790546799108 130216.66058517199417 305.52251073211198218
932400 42.752217383752402213 1.7150385935270899829 -23069.444997326998418 130751.19203414699587 306.23809356897402267
933100 42.757570066943699771 1.7199843069611300272 -23038.710758223198354 130446.41587180100032 302.46353363277199833
933800 42.761080788792902752 1.7228641608335399926 -23100.605682737201278 130309.07095639199542 304.42561085512500085
934500 42.757169814590298529 1.7282762101366999641 -23178.896932899398962 130122.5932351280062 305.66999215891502217
935200 42.747159348909796961 1.7313509384975800387 -22947.213300919898757 130627.07031195900345 304.70205140879602368
935900 42.737907016384397707 1.732046802152940046 -23091.698387188000197 130293.34038482299366 306.14389443324000695
936600 42.727846701155002052 1.7351844924747199528 -23138.294097875499574 130395.53954930299369 304.43008874251700036
937300 42.724429374739898435 1.7417829361154399948 -23210.106243434398493 130337.44450429300196 306.78198458146397343
938000 42.718618364914902941 1.7449110806339100943 -23223.898756538201269 130345.35515039399615 304.48009925549001764
938700 42.717664377857403224 1.7438970865789100717 -23230.212309441998514 130562.31292136899719 304.60011545991602588
939400 42.714188513713899908 1.7515900398098500634 -23202.702472884000599 130051.51119282300351 305.626583040952994
940100 42.708388691787099845 1.7549497380957099768 -23166.814100703599252 130646.19581158499932 303.28319918850002068
940800 42.702767353764002678 1.7640242714487099907 -23033.852942183501 129917.72963954000443 301.75558100704097342
941500 42.696247888471297927 1.7700806672541400388 -23092.400520775601763 130216.59492661700642 304.79372153514299271
942200 42.695159263262098648 1.7755029647195599285 -22930.306557200699899 130334.64538627299771 304.17757671594199564
942900 42.693482731910499695 1.7715752062471499251 -23152.201440983400971 130251.28587476500252 304.46864745163401267
943600 42.691818513019399006 1.7757693905172500237 -23080.877058042300632 130284.98511795999366 304.68332779225102058
944300 42.687139073766196873 1.7847358633485999047 -23021.803612573599821 130915.57533605500066 305.21770605102000218
945000 42.682312690864002036 1.7878233784097599113 -23094.821465372300736 130393.99201995099429 305.56194925019798347
945700 42.675697852901400609 1.7939040682145899197 -22919.944839142499404 130133.83848064900667 304.33627149438001425
946400 42.666793973401901496 1.7951687978216699371 -22961.862918326900399 130499.01979238800413 303.87844129429902296
947100 42.656389965204397186 1.797856826235070038 -22993.573436259201117 130148.81492681099917 301.51782626094501438
947800 42.645472005760900913 1.7934464381242098963 -22935.445933443901595 130339.26639183799853 305.77876343033102557
948500 42.63450303122900209 1.8034547286256299437 -22892.81493512239831 130170.30804015899776 303.55032661934501448
949200 42.624604747144701378 1.8095182609027000709 -22892.764639746099419 130287.14918798299914 302.69943622639198111
949900 42.616707031144102302 1.8134068987724900612 -22995.608748228998593 130307.49802103999536 304.3302587718929999
950600 42.610511794233701721 1.8179168634694100604 -22995.088122619199567 129891.12242185299692 306.28721656864900069
951300 42.605269982852199462 1.8226034479704100733 -23004.304940590798651 130046.02155831900018 303.36873353839098399
952000 42.597657400790900795 1.8195824190246199237 -22966.394860653399519 130289.1648141790065 304.2007714002929788
952700 42.597066477249597938 1.8174460090510600185 -23108.660292718701385 129760.29703703700216 304.94799307678800915
953400 42.601893668352097677 1.8197472997607699874 -23042.492040765100683 129850.56110579200322 306.17122959360801815
954100 42.605214690362402052 1.8249536588148700389 -22989.703812533298333 130051.89814678300172 305.56104487915297341
954800 42.614433870293296991 1.8185606524106299187 -23076.004559518500173 129958.6150267040066 305.39524513592101584
