Step Rg RMSD_XY E_Interface E_Poly_Internal T_Local
841200 42.533089923308700975 0.37058871533798498632 -23020.090200948601705 130571.91899606499646 308.3094600910490044
842400 42.544128179754601149 0.65553422403977701372 -23116.849503159101005 130385.07001291800407 309.1344272474140098
843600 42.54747519781639653 0.74315764312977294903 -23233.141004740900826 130755.7451225380064 307.04838454437600603
844800 42.544373203188698085 0.8032161915597769708 -23226.519617705798737 130495.90016333000676 309.96691649387400957
846000 42.533945088967399784 0.85622101239438297426 -23203.265384688398626 130948.69187687599333 307.07177380268302613
847200 42.509556134717001896 0.89282112322647599889 -22957.849998691301153 130691.81488143099705 308.57803734218498448
848400 42.493321483241700776 0.91832701931210003465 -23033.717401070600317 130123.75427757200669 308.41811401182002328
849600 42.4902243117327032 0.94154785263763396408 -22907.265963010500855 130738.95814605700434 306.2841300062530081
850800 42.498155256507196498 0.9631369526498819722 -23012.338838589999796 130347.70280996400106 306.77075862434401188
852000 42.496805395288099305 0.98085223264014498312 -22993.447437759699824 131082.52207814800204 309.14876160399302307
853200 42.488687468455601959 1.0077428346120800295 -22921.706187153100473 130418.92362785499427 307.21077300852897451
854400 42.485296064275502204 1.0301429119731000394 -22941.628006411301612 130296.62473908200627 305.96498251472200991
855600 42.490023751868399415 1.0431857236301800285 -23069.213180823699076 130724.78384404699318 307.78116577509899798
856800 42.485536418621897781 1.0537597901339799122 -23021.128689874898555 130515.23700901800476 305.71252097369199419
858000 42.489837675722398558 1.0655152462392099011 -23011.358129960801307 130917.25031289800245 308.30247032914002148
859200 42.500771065397302095 1.083627288202460015 -22898.039577939398441 130324.08731386599538 306.82254953385000817
860400 42.508562180970201894 1.0963222309382900654 -22926.623033610001585 130680.28732959499757 304.89737599570298698
861600 42.517846441926899104 1.1025095126988999628 -22995.557091502301773 130716.33259667099628 305.10055892516800213
862800 42.532832445734896964 1.1172266024521599892 -22793.877853721300198 130482.87390319499536 304.44255273871402778
864000 42.542768430738803431 1.1376937209632800307 -22773.558041668198712 130661.57017166199512 306.66551579051497356
865200 42.54577638715799992 1.1606860571881600919 -22954.876459799801523 130058.2553414790018 305.78361536230102047
866400 42.543575098599298201 1.1813692146293699459 -22902.154318730699742 130692.55572768600541 308.08516640100100403
867600 42.548138920353800074 1.1919222772896100881 -22974.934864886799915 130916.36483222000243 306.8627873782450024
868800 42.556741314077001448 1.1943966411574200581 -22904.261826827500045 130186.03279651000048 308.20899107966801012
870000 42.570935311325996508 1.212461231476740009 -22901.316709944698232 130921.03278747700097 309.29615563060502836
871200 42.583957773557102655 1.2326310918058100974 -22958.634125377400778 130464.06365373899462 307.29743639406598277
872400 42.594244563518401492 1.2575518108373799908 -22841.000086581800133 130509.06515632900118 308.06750294409999924
873600 42.596017812324298291 1.2770781979929999306 -22799.841938943300192 130475.33285119800712 308.96512137390698172
874800 42.58487219563500048 1.2982336312176299131 -22737.234256879000895 130410.94038263200491 305.90080169865200332
876000 42.572081834083199681 1.3186215285549101051 -22844.310708899098245 130759.26357473699318 306.24095173460301567
877200 42.571477625888000773 1.3283168646523999534 -22900.397750090600312 130473.2174679729942 307.59091670860402701
878400 42.574773867447497366 1.3295069545925399801 -22939.441895418498461 130732.69021993300703 307.3808989848819806
879600 42.591636692739797354 1.337674100558470025 -22873.313581419100956 130876.00097881899273 304.03692173100802165
880800 42.610406129462703007 1.3348960559991200903 -22769.241647345901583 130616.11298437800724 305.33416164905298729
882000 42.62950787627109861 1.3546662126871500398 -22807.173599738100165 130577.62780083900725 307.063277293705994
883200 42.644474242253600949 1.3610636213750999524 -22779.018828755099094 130277.48489103099564 305.28472755471898381
884400 42.653968185036397642 1.3697066600471299314 -22837.030238573399402 130471.10044707200723 305.07042292437097331
885600 42.658218647008197877 1.3636995287023701007 -22805.475108345599438 130434.19514436900499 304.95474041972101986
886800 42.669929303918600283 1.3655469916932900798 -22833.435899644700839 130502.8633487479965 307.45830365117802785
888000 42.672741036579601825 1.3782351762799900374 -22874.536602987100196 130829.27647055700072 305.09976079134702331
889200 42.673645548842898734 1.3842358401215000274 -22902.655442926199612 130558.26636815800157 305.07714748800901816
890400 42.665952560504400992 1.4026767376603799242 -22905.194873264099442 130690.16549773000588 303.39190654697802074
891600 42.66098948382420275 1.4105697619408998911 -22902.068202566500986 130424.11409063599422 305.86608442700401156
892800 42.662920368821403372 1.411983081714029975 -22939.467258152701106 130351.66903683799319 307.42538226149099501
894000 42.662288141488097892 1.4299919137227499188 -22784.649731635101489 130398.01448427799914 307.12590759410102237
895200 42.649562744430198791 1.4304539443835300183 -22957.479895766300615 130389.87450387100398 309.00172924297999089
896400 42.651503356877299211 1.4479494539708099854 -22914.178656831300032 130472.86914348299615 306.75141231986100365
897600 42.664968258897197018 1.4567427202604499303 -22898.008442101199762 130298.3155863419961 305.60529696922498033
898800 42.677018358672199838 1.4591055636240899407 -22736.400742427300429 130198.68271700800688 305.43884394104401281
900000 42.678321308801102418 1.4694933606309998897 -22878.610169757601398 130239.65937603599741 307.43945780631202069
901200 42.68271105050690295 1.4885285429217500752 -22853.705725698899187 130412.3737018690008 304.78628252921100739
902400 42.685934920068397957 1.5031056755796798896 -22849.969963504299812 130394.6142453240027 302.34301118738301284
903600 42.684990031283803091 1.5199640369927200911 -22898.919704730400554 130235.77077701600501 305.66230983253700515
904800 42.690355896072702535 1.5357352646291499987 -22851.413464107099571 130426.67862156999763 307.11919858700497343
906000 42.69070319469499708 1.5550011192761499235 -22908.000475002500025 130340.48301934100164 308.63196350007598312
907200 42.697102097248802011 1.5694315422252700376 -22918.547165683001367 130467.81571782499668 304.08358923962299514
908400 42.703571645046203287 1.5690763681916699568 -22941.427807962598308 130082.23964531099773 306.61240277572602508
909600 42.713302188971496776 1.5681737517141500771 -22935.534341539798334 130736.84045242599677 304.31998653040000136
910800 42.725110030417297935 1.5804064087466500599 -22912.217599336501735 130662.031418544997 305.1108271700920227
912000 42.729659246509299919 1.5763808245257600049 -23001.322842529698391 130720.66472303100454 305.51381125576301656
913200 42.721676569239299681 1.5739793425950800998 -22874.246494867300498 130502.3729666480067 304.54987270944201327
914400 42.705898451747501099 1.5686277142763200843 -22872.396791574101371 130246.77289945000666 304.73256400966499768
915600 42.697861215209300667 1.5758615018983399558 -22858.832935348400497 130461.94422960700467 306.96777876789997208
916800 42.699001516045399285 1.5716966560011600418 -22956.669612711499212 130356.30856273199606 304.31670485871200071
918000 42.706343867645500723 1.5711464331667199801 -22964.120519543899718 130216.51197435200447 306.1555210482080156
919200 42.705498184284600427 1.5741765349289900122 -22750.121233012301673 129839.80470097099897 307.43278715634897935
920400 42.710019293853399347 1.5790719874007999035 -22850.315922272700845 130190.94512931800273 306.56129475408698681
921600 42.709279122304302234 1.5818101343243000656 -22984.054445828300231 130263.11143675599305 306.97761355800599858
922800 42.726879602712003248 1.5725831660415199309 -22915.745584183001483 130218.73180085100466 304.80011880254301104
924000 42.745653660494497217 1.5868095700258100234 -22781.499771904898807 130072.51477431699459 305.27315696055302396
925200 42.753204284444599637 1.5925416790721600435 -22731.867948023100325 130230.9356357880024 304.89468933954401564
926400 42.752739191891400594 1.6049972105858500981 -22879.374081609901623 130402.4125391599955 305.41961038262098782
927600 42.760447302441001227 1.6165289065360399778 -22883.391699979798432 130553.24074140899756 305.07581341555999188
928800 42.765111463604199571 1.6266701123187399247 -22920.19134298390054 130369.84471289599605 306.5028382650349954
930000 42.763657370250001577 1.6326733194519800207 -22781.995742896899174 129904.26452735500061 306.8365065361800248
931200 42.745803830066300577 1.638966178272180052 -22932.269793396601017 130314.15071352399536 305.12838775044997419
932400 42.728131322737297637 1.6483615921486600708 -22824.594313128400245 130185.54217692199745 303.50770719667701769
933600 42.713105375822202348 1.653495028379170062 -22933.140613797600963 129934.66813890100457 305.04536117162399478
934800 42.710634278094900651 1.6495435420781598967 -23001.965588262799429 130606.68309167999541 305.22153933934401948
936000 42.705265989554497708 1.648937857767750037 -22912.69421716170109 130359.46251870099513 304.95115631989301619
937200 42.702178112250301467 1.6609822273085999011 -22830.138994324799569 130672.55692976000137 303.93124390979102145
938400 42.705094101980400012 1.676031815171729944 -22936.865800514700823 130407.4105869680061 302.93945049998399099
939600 42.716396216291300902 1.6902208933235400856 -23019.976027093700395 130447.86493279600109 305.47687171074198886
940800 42.707043010018502116 1.6966311985376800742 -22878.081904799200856 130159.73614547299803 304.07075975900897902
942000 42.70368988133959931 1.6949255108462799591 -22818.738919212799374 130141.66999951000616 306.15157658671000718
943200 42.701152405319000138 1.696773965377120108 -22855.0354749584003 129964.69432164099999 305.17861130291998961
944400 42.700947759851501928 1.7037567166422999954 -22892.228507170399098 130128.05451431100664 305.8386058085270065
945600 42.680582271693701557 1.7069745003459400046 -22904.553016567799204 130366.6270808380068 305.55955415892202609
946800 42.67193315408240295 1.7127955638064100707 -22846.337717964601325 130411.85013460399932 305.4158026584379968
948000 42.668208704536802145 1.7156730685730698927 -22853.524065179401077 130579.06446683499962 303.3267044179469849
949200 42.679930272208999043 1.7307609777489600944 -22731.523771900399879 130791.99456200000714 302.42049922707298037
950400 42.691323102759099584 1.7394230818206499745 -22925.381969374499022 130180.58347666700138 306.55707196230400768
951600 42.698959872077402622 1.7519089421147300278 -22754.139539514799253 130387.649832591007 303.47749919028200338
952800 42.704611953894001886 1.7608260554555799082 -22743.06729719500072 130404.34530768399418 304.59852986582501444
954000 42.71293004370439661 1.7620309637718301055 -22839.195966439699987 130688.80668121899362 304.89681647412299981
955200 42.718447650207799882 1.7630701288051400244 -22817.987249767298636 130464.6252596849954 305.24161834669598647
956400 42.723125164459801795 1.7780685867687899826 -22694.740937344799022 130294.3434660089988 304.56354674648497394
957600 42.723492198835799627 1.79017820673171002 -22652.889213911399565 130227.2152094829944 304.12497889747601221
958800 42.718783730297602119 1.8048866405115000511 -22755.665090435399179 130008.57945814200502 304.06665974394599061
960000 42.72015453975740229 1.8189990282738899285 -22736.657709258299292 129916.54301048000343 305.15462256108202155
961200 42.717052680968301104 1.8300042654439299117 -22829.971342493299744 130018.22810701800336 307.07625122906699744
962400 42.724891847081202911 1.8422270130605500338 -22644.266958372398221 130364.58547754799656 302.75778692784001578
963600 42.734439956924596515 1.8477842279688800886 -22602.600050457200268 129999.06724543200107 305.91168273527000565
964800 42.749745040739497881 1.8523475341736599376 -22636.616408540499833 130561.30942675299593 304.22701288147499099
966000 42.764791203898298022 1.8508544119326399979 -22597.586773066101159 130170.64183489099378 303.55235551083200107
967200 42.773041418779001788 1.8534927123249400616 -22565.203058256698569 130690.79075653500331 302.18439555103600469
968400 42.781550678135602084 1.8532999864548300728 -22639.136694833501679 129962.46755517300335 304.42521051499198848
969600 42.78461942948099761 1.8632801971382300099 -22667.62103950600067 130483.25928192600259 304.45138278481698535
970800 42.782865682208402802 1.8701649657871599608 -22786.959422028201516 129621.55744157299341 306.74672161139199034
972000 42.782096015705398884 1.8820630088065100072 -22590.605656215400813 130197.24389043300471 305.99468387743797848
973200 42.779731369944997255 1.890873955418969965 -22641.392270024898608 129873.58984714199323 304.06781821032501512
974400 42.774398237411197954 1.8997159426905099178 -22695.526738271601062 129995.49721878100536 305.73575928900601184
975600 42.774272502267599805 1.9166009815028399732 -22751.192789954300679 129913.1991296789929 304.80266803664000008
976800 42.766651253065298022 1.9284457057235699917 -22737.129684005900344 130434.29092420899542 303.22306328248697582
978000 42.768304375524600403 1.9336813227733500309 -22668.072648725501494 130542.49919862000388 303.04197253705700632
979200 42.778461170955196735 1.9506852324002099675 -22652.422160992100544 129782.93587458699767 304.35287893967097261
980400 42.790884651863201782 1.9457332937210700674 -22657.431509681799071 130131.85063176800031 305.2001259668609805
981600 42.785507320442398793 1.9543947480447199094 -22614.895565129700117 130106.39592954100226 302.15142445329598786
982800 42.794038847162298111 1.959789603777569944 -22588.579906337701686 129857.30254149599932 303.60328628935798179
984000 42.795926643754498286 1.9620027595001698906 -22678.815284873500786 130277.26872631900187 301.07961470689298267
985200 42.805922691500100541 1.9545789241924600432 -22740.644175240300683 129858.59933756499959 304.75291623003198538
986400 42.82021129610870247 1.952049562543880068 -22841.262035152500175 130178.28692300200055 303.81275607461100208
987600 42.833620342819003213 1.9517311887967601081 -22660.07026257400139 130099.96457376200124 302.35425690903201712
988800 42.848041994942001054 1.9670829906605100668 -22722.330382585099869 130102.49056920800649 302.27521353958297823
990000 42.852310625611302441 1.9743307487537600231 -22687.316728905199852 130755.15899660400464 302.07303404973799843
991200 42.860014014525397386 1.968659158178929891 -22673.781717772701086 130213.01840865600388 303.92361172956799464
992400 42.864340221396901143 1.9676886142051199791 -22673.39558587189822 130423.37315459499951 302.70205334342898595
993600 42.864295117268397917 1.9770268399244699253 -22653.557884293200914 129971.92330130600021 304.84141424068400283
994800 42.868230436273201178 1.9738093266706000506 -22496.10377281449837 130503.29337432200555 303.55758882800500942
996000 42.867826978572900032 1.9682928734177000951 -22547.52412538290082 130076.4718751909968 303.07896563474099594
997200 42.866871813881701314 1.9644464517099000656 -22642.665092617200571 130231.27962527499767 306.36018638446597606
998400 42.878705644022403476 1.9733779735057999094 -22447.82441787479911 130414.08874587100581 301.52929298006500858
999600 42.900421079930602275 1.9893122352907399719 -22527.956442930000776 130146.28785911999876 304.49306880473699266
1000800 42.915004063142397683 1.9958598258670399161 -22655.26398219569819 130198.63685915000679 304.42444812565798884
1002000 42.920194405781501246 2.0032656115350300219 -22583.632044067198876 130345.41948145799688 305.28973228684600372
1003200 42.917969142765699075 2.0150293696003798161 -22700.110981959900528 130237.37672221999674 300.3263648793270022
1004400 42.906077558548503248 2.0302238848610598687 -22695.396251899201161 129940.43843848899996 302.92415786715997683
1005600 42.890978782157297644 2.0381160641502900077 -22815.666016573199158 130105.59652135499346 302.906997971763019
1006800 42.882711079500296592 2.0633739410919598178 -22850.768151536598452 130118.19969798300008 300.44560476088599899
1008000 42.874349769646499908 2.075373240188099988 -22695.900714794901432 130102.90051546599716 301.719614711816007
1009200 42.871323965257801092 2.1000235230882600135 -22746.438275180098572 130144.39658773399424 302.9665094201520219
1010400 42.879515242943099906 2.1085710736120297781 -22568.31464901470099 129754.12023025100643 303.08066798417900145
1011600 42.885588824324401003 2.1100320500310201233 -22688.779789317399263 130145.03268998599378 303.13431846147801707
1012800 42.888755493022202359 2.1101877888520901294 -22553.470555334999517 129674.36853466600587 305.00357431444598433
1014000 42.901991517744001214 2.1179937444405401159 -22739.158756092598196 130180.32402154199372 303.71181094315801374
1015200 42.913140837128899818 2.1093827756035201659 -22773.757860216199333 130151.8463675959938 303.36473755713501532
1016400 42.921437128955098217 2.1048913129715698389 -22652.588370675399347 130061.12714705099643 307.29257357957800423
1017600 42.923011185511398935 2.1099522468421598731 -22580.119655896298354 130062.5289333069959 305.0694257109649925
1018800 42.922435240763903153 2.1163367566782200768 -22526.878508704099659 130098.46805326099275 302.14943840601802094
1020000 42.911724180472099022 2.1194752640403700106 -22699.193983983299404 130607.82499567400373 302.8036464920469939
1021200 42.900728055937698002 2.1273494926803300231 -22787.070816272498632 130497.77908921800554 302.34598231587398232
1022400 42.888936108103997924 2.1302574786929300288 -22704.56847104030021 129842.86784940899815 301.3356704094759948
1023600 42.88579552844419851 2.1361480774339201005 -22660.564175989500654 129776.00517552699603 303.19584756172997686
1024800 42.887005675888701717 2.149217000535819988 -22652.513430959301331 130222.07056259800447 302.0962293815709927
1026000 42.899946191789503303 2.1451453246592699919 -22764.951733142399462 130205.46380287299689 301.57475462405801636
1027200 42.92990826634579804 2.1537054394477102015 -22693.676841830598278 129927.05869578999409 303.9186988743210236
1028400 42.951217420533701841 2.1535873958224600599 -22585.607564352998452 129978.81089062499814 301.72844428894700286
1029600 42.966084105575497176 2.1672665961831398818 -22732.519715095499123 130450.74644465099846 304.47367553004698948
1030800 42.971161947064800302 2.1685300209267501792 -22624.720552695198421 130323.73805533599807 303.21392859633800754
1032000 42.980703951937798024 2.1845775575914401223 -22715.282611906499369 130229.88729434000561 303.93154306895297623
1033200 42.990455547854999452 2.1921750263028898509 -22568.789345122600935 129994.28206989499449 303.65328626231297449
1034400 43.011392631576001122 2.2013563515342999821 -22768.129618623399438 130554.08759818700491 301.50448212967097561
1035600 43.018183293329300909 2.1985237775456600851 -22629.255325956601155 129925.2697356090066 304.55402042743600077
1036800 43.012116711705900229 2.1942426471497897822 -22478.961786829899211 130271.28689585400571 300.62764548980902646
1038000 43.005593429773902869 2.2049823667284900175 -22562.297235623500455 129964.14356129200314 302.3433319765110241
1039200 43.011656526873203177 2.2143077948774601005 -22595.423658769501344 130041.63314043199352 304.21917206727698613
1040400 42.995614491848598959 2.2240873407263999084 -22726.738930580999295 130321.44260906800628 302.69677801776902015
1041600 42.987486324656401848 2.2341359357376000538 -22586.275869685898215 129867.36063130499679 304.80593322911397536
1042800 42.983041086288601207 2.2364444823365401405 -22595.829415653501201 129759.12290737200237 304.34090540302202044
1044000 42.971775346610797897 2.2389708487990001018 -22714.594423777500197 130002.24684030300705 303.42685707649002325
1045200 42.968474595666400262 2.23687508219031983 -22631.621082862198818 130831.24457181399339 302.64057242951599846
1046400 42.967838202869401698 2.2379179064289398404 -22721.235248346001754 130161.62064737100445 304.7834050815710043
1047600 42.972517134074998069 2.2390734924751400925 -22584.686236365800141 130376.49347149100504 305.09366613022200454
1048800 42.985065794589402799 2.2464015285727199078 -22619.10225733490006 129841.58471503900364 302.62889454388999866
1050000 43.003511618386703219 2.2563180531398798756 -22608.936030868000671 130177.05482293700334 304.65316887214697772
1051200 43.020058691649900595 2.2751490249231598462 -22469.311882693298685 130408.90447070699884 305.41019258852099938
1052400 43.032880903815502904 2.2779766713194598005 -22305.001596662601514 129908.62771726300707 305.62386144428398893
1053600 43.040157900143498182 2.2908270124849599014 -22500.952129784800491 130440.06263464099902 304.00466586142499636
1054800 43.035237891246701736 2.2902862996187201006 -22465.970114107600239 130009.29493175499374 304.91703803661300753
1056000 43.034802656818399669 2.293486763800010042 -22457.066582838400791 130374.0121441299998 299.47767286273102627
1057200 43.029619860700101697 2.2952223783981802185 -22384.170905147999292 130052.51417557700188 303.98261266900897226
1058400 43.028854661411003235 2.2988625729274398957 -22463.215583617300581 130080.61978394399921 303.62494845158198586
1059600 43.030652978463201919 2.2970507548793301922 -22447.345359232200281 130421.30062769699725 303.05000503419699953
1060800 43.045698161891998268 2.2977245149584097916 -22461.229255973499676 130317.40292839100584 305.00767307750902546
1062000 43.058122565223598599 2.2954180353069801868 -22590.492197019299056 130061.41783408299671 302.51156891956298978
1063200 43.067263294207599245 2.2935048638388502162 -22468.84747984959904 129783.00507189700147 303.9207096109549866
1064400 43.070268374824799196 2.2890932864163597849 -22492.116698651600018 130142.35531907499535 302.61643533661998617
1065600 43.078904251116099999 2.2701726827287500576 -22464.473053959500248 129813.71842413200648 304.70704414342498012
1066800 43.097199215408700468 2.2809647615760098027 -22635.988441995101311 130077.82766669600096 303.41442844623202291
1068000 43.101271898708496622 2.2893047792300800225 -22594.625456382698758 130259.24808831900009 304.81708588402398163
1069200 43.117646502915398798 2.3024464006276099681 -22428.485820579400752 130037.58525075099897 303.90440944456298666
1070400 43.122518740177397945 2.3008835867143098142 -22372.486718945001485 130299.75124870399304 304.58658337904802238
1071600 43.12034311796789865 2.2922876643137901631 -22344.818914800100174 130163.62438494199887 303.95757484800498105
1072800 43.116484531677500058 2.2918996220027501032 -22323.97671588979938 130095.69312718299625 302.58064417304399285
1074000 43.119177280755302206 2.29423550059114989 -22335.162841858098545 130001.18295096000656 302.24469464107397698
1075200 43.135056132984601618 2.292890149494439811 -22432.36541294700146 129910.40335480800422 301.4242705377229754
1076400 43.138373676134996515 2.2880770018962102164 -22413.118057394298376 129866.57230939100555 304.09090041466902221
1077600 43.136658016205899457 2.2818362551898001556 -22443.464950500099803 129377.78239669300092 301.40931580977701287
1078800 43.141043048718103137 2.2937601526666901997 -22493.88502557170068 130119.35012527600338 304.66008651345600811
1080000 43.144199337696100827 2.2955231899302099841 -22403.551683883400983 129750.063985115994 302.91397452118400224
1081200 43.146374497249802005 2.2831342079276200074 -22338.035359050300031 129864.73427465499844 301.80541572204697331
1082400 43.152910993509401294 2.2886299698521002099 -22453.911834363800153 129934.95626659100526 301.22175175688499849
1083600 43.159296782848400653 2.2992635004836898815 -22451.296437661399978 129801.07062685700657 302.81566766538401225
1084800 43.16820275342009694 2.2996614141345199656 -22458.534347459000855 130072.28844408500299 303.31627966948701669
1086000 43.174246449346597387 2.2981815206125402185 -22386.055727516199113 130268.67696063700714 302.48375242410901365
1087200 43.178569385385500823 2.3021837565596698916 -22355.973780380598328 129884.56258541099669 303.27565025409199961
1088400 43.183854362774198421 2.3023137257980201831 -22584.982174998898699 130024.16377820499474 302.29617873510397885
1089600 43.192559478756798796 2.3137685692078400201 -22464.440294165800879 130166.66605662999791 303.08497426086699988
1090800 43.198455995993498391 2.3290629046226998256 -22479.767887937301566 129799.51455423000152 306.91516647252598204
1092000 43.208672116377798034 2.3306550912798900121 -22466.728804501399281 129993.26476867399469 303.96368425043601746
1093200 43.225979130465198352 2.3356702619926701381 -22498.621402169199428 129886.97079054100323 302.68317151417500099
1094400 43.24076784432570264 2.3481943846591399883 -22565.819066143900272 129942.06367401499301 304.24124049876297704
1095600 43.250210832302997233 2.355665213541410008 -22453.99101039369998 129888.97367638499418 304.4337081462280139
1096800 43.255440038492999122 2.3571447753002101599 -22567.427252671601309 130463.04896854299295 300.04919006681302562
1098000 43.260201927270500732 2.3692359896002801456 -22589.66933163109934 129666.3473076109949 305.00453985966299797
1099200 43.252752917671998034 2.3725348015134199997 -22535.139168013200106 129680.38981632099603 303.37108780839901101
1100400 43.247103989612000419 2.3652879904213102158 -22530.131145797200588 129558.72431729700475 303.06625158489299565
1101600 43.258839213554701075 2.373851066633129836 -22547.292415847299708 129959.85197981599777 301.07901022848000139
1102800 43.264918062703600299 2.3670820632389100169 -22589.10220928470153 129799.03761455899803 303.43629451656300944
1104000 43.270634928108499651 2.3672013546768901904 -22479.877846368599421 130168.17658440300147 301.55717033907302493
1105200 43.271018501325301031 2.3636714901144699752 -22486.99773690029906 129975.66537721900386 303.50792864477500643
1106400 43.28464111651059909 2.3583262022182700512 -22370.259411002800334 129999.43219308200059 303.64322701237199453
1107600 43.307599750449398357 2.3559426839736099524 -22495.275370417199156 129597.12728971800243 302.53394493307399671
1108800 43.315769873468596529 2.3542906381002102201 -22420.38409884020075 130087.20916080499592 302.73403021786498357
1110000 43.319015226641496952 2.3545678718086699988 -22514.139347660500789 129795.96001106100448 304.8955657454890229
1111200 43.319770657077100395 2.3591316876916201828 -22355.500837453299027 130129.00006843700248 305.71085532080297753
1112400 43.313651562075399681 2.368628876990459986 -22461.546912839301513 129451.52141492499504 303.46809122984097939
1113600 43.307633966694098149 2.3719039497906400094 -22529.102046857198729 130124.96409867500188 307.41734320992799212
1114800 43.300674719283001934 2.3797038859224399765 -22536.314445135300048 130199.96975319899502 301.08870690861999719
1116000 43.305405147305897628 2.386730708615659946 -22484.786312106800324 129816.96985465699981 303.70800229623802124
1117200 43.323498486289302889 2.3979885632601400935 -22552.748060116700799 130099.99069592599699 303.14960263466599599
1118400 43.340610273743102709 2.4099063654133900947 -22408.491725149000558 130039.40857891199994 302.00076077346398051
1119600 43.350698607368798321 2.4176399495134002215 -22372.535561986700486 130151.67705282699899 301.70921567188798917
1120800 43.349698616668199236 2.4240920328222199664 -22450.691641126901231 129740.48055948299589 304.94473821706498029
1122000 43.339807183517997657 2.4147154142716198422 -22555.548653867801477 129697.81289925800229 304.36455574462098639
1123200 43.33971843263220336 2.4067132797512598152 -22557.911529007000354 130121.90440040000249 306.47170391541601475
1124400 43.354571070703499913 2.4039606915282401012 -22538.512040762798279 129623.39269773899287 304.61466899231299976
1125600 43.364219612368998469 2.4100664577193398053 -22559.897655320000922 130038.90434918399842 303.72662712070297175
1126800 43.370470747070001494 2.4200165957126800187 -22436.162611219398968 129899.44694252600311 303.54882763491298192
1128000 43.371093725547297026 2.4345623097051398709 -22481.706930132200796 129980.90578315200401 303.07586372930398966
1129200 43.381189075115500486 2.4413197274442901552 -22489.962090410601377 130191.54293939100171 304.67907312555502131
1130400 43.391553621233100557 2.4595855626183400489 -22585.083330605699302 130029.02542789500149 303.51094771805099981
1131600 43.390393604678699546 2.4592401787985100903 -22372.753025268099009 130186.65723025599436 303.20529066445197941
1132800 43.393573399400402479 2.4505702732210199457 -22437.051449880800646 130086.79325075900124 303.52659265739998773
1134000 43.390914272065202795 2.4606878628639701212 -22434.121415338100633 130462.0729132819979 303.35698469699997304
1135200 43.399659924919703258 2.4683829220856798869 -22478.263053087099252 129852.64846766200208 305.51039532369901508
1136400 43.404821779657396519 2.4769966102612799297 -22491.565079322601377 130027.22145896099391 304.79373551142299448
1137600 43.406142565307199277 2.4798888684942799188 -22639.463715753998258 130010.13443612000265 305.50556761833001929
1138800 43.416237605795302557 2.4806976059472698459 -22543.201535518099263 130019.79709183999512 305.61651074079298951
1140000 43.43241708301780335 2.4865042692146701597 -22503.791590438599087 129886.09029023899348 302.95688437303601859
1141200 43.440939829238402581 2.4745259578213500973 -22427.681638432200998 130050.51249216300494 303.64117425650999849
1142400 43.455217693872796758 2.461538488687600168 -22422.957950985201023 129675.20655843899294 306.05397713194997777
1143600 43.44834336535839725 2.4630155357185201659 -22455.561956052901223 129743.23412167599599 305.69062833911897314
1144800 43.448808148327501044 2.4549483794828801386 -22462.026290370598872 130216.42699132500275 305.16925562674697403
1146000 43.441021986633799656 2.4449796608801701581 -22521.847839276000741 130154.13867101600044 306.79290374994400281
1147200 43.425177759132701283 2.4326667983724501454 -22560.23872217600001 129931.90316915900621 303.93081947250499297
1148400 43.409978003829998272 2.4235202146274201773 -22518.539070802999049 129714.40011562900327 305.47229294817498157
1149600 43.406858490492503222 2.417394883434110131 -22528.991421877301036 130047.1247903110052 305.73655769886198641
1150800 43.418499024418601095 2.4191861291364800124 -22421.1420520167012 129986.07614951999858 307.24148584480298041
1152000 43.43132715650600062 2.4209737695274800018 -22459.991207485101768 130185.18132990399317 306.39587606780401075
1153200 43.436464061704000983 2.4317525803874500134 -22311.273996050400456 130022.61906399400323 304.43678385024702493
1154400 43.440150891335498784 2.4465513809214800567 -22517.540926561898232 129709.73672518100648 306.08600606177299142
1155600 43.450538377864496908 2.4605982825345500409 -22599.7172046115993 130048.13734271899739 306.38105543924399399
1156800 43.475083649942497743 2.4559705996745400114 -22567.267593419601326 129816.04437753600359 305.61011128960097949
1158000 43.490155872697798145 2.4540264178673600881 -22383.336567736099823 130423.81210334099887 305.19927453539298767
1159200 43.500466053230297803 2.4572397970825901048 -22525.023051524098264 129376.62372506299289 307.8014556524379941
1160400 43.498322130667801844 2.4571882422766297971 -22681.079795372901572 129856.97844146500574 306.7137414298430258
1161600 43.500703404020796938 2.4582516520548698402 -22688.87971951110012 130063.18765772199549 305.8853217806209841
1162800 43.486005609737098609 2.4620072850708800694 -22482.732658916298533 130085.16862369400042 307.24159416155600866
1164000 43.480719660855498887 2.4724383792875901378 -22418.41641249299937 130404.21655800699955 306.53899771491398951
1165200 43.475076275484298094 2.4810420494549099146 -22476.815888235298189 130051.51615441399917 305.26655932130802285
1166400 43.461353728044699096 2.4826584329610699164 -22393.782505395400221 130112.02551908099849 305.70536783689999538
1167600 43.459431900053502318 2.4801669766947300744 -22473.577268398199521 130231.98094343200501 306.6337321887800158
1168800 43.471361267087502256 2.4797154279672000143 -22385.025838833400485 130063.84803863700654 306.90628878886201392
1170000 43.480766992875096832 2.480759331765780118 -22406.112146209299681 130135.27181050399668 306.62233166169301057
1171200 43.494396881963702128 2.4811506850865399088 -22359.530090727501374 129818.6351391950011 307.27278261008700611
1172400 43.494916294481697605 2.4925187572895799448 -22410.874052452800242 130337.58976955400431 306.78364896029700049
1173600 43.494250232203299333 2.4861446119826600132 -22400.983727263599576 130209.51599320799869 306.96609144794297208
1174800 43.498313930961899132 2.4862854176701598696 -22516.930893504999403 129867.01479521900183 305.74414112607502148
1176000 43.508025516724401882 2.4953466303338500687 -22381.642927000899363 130349.61280418500246 306.32420682107198218
1177200 43.515620440599199981 2.4960009213603497891 -22358.331410916500317 130102.39923915200052 305.83566701992498338
1178400 43.513841854525502129 2.4817650283520098498 -22311.180882216100144 130392.24967219200335 306.76449742456401282
1179600 43.513978976369799057 2.477334742451979821 -22341.674097458700999 129601.60381456800678 306.58335406880598839
1180800 43.518034895779102555 2.4737269296633801474 -22291.156147813999269 130019.59128228800546 305.9968567305369902
1182000 43.533867978621898942 2.4744476628152400899 -22473.980884079999669 130213.47720551000384 307.34319408066102142
1183200 43.545834032568102145 2.481095159666700134 -22558.782073754598969 130018.88549904800311 306.2623307472250076
1184400 43.561793766570602315 2.488899508422340201 -22409.255468417301017 130068.08084628199867 305.23685118893098434
1185600 43.576336835916798407 2.4901720354884497866 -22563.030213160698622 130263.41246884000429 306.12770026113702215
1186800 43.58787417040200296 2.4784658447807199622 -22581.825944048800011 130070.62860664600157 306.20210603780901693
1188000 43.603758774826999911 2.4671055256876002204 -22443.966798648500117 130091.29622514899529 305.05950022798299415
1189200 43.60869406947389848 2.4656638327352800033 -22390.172776341198187 130252.27557576099935 305.93596351039502679
1190400 43.606740430170603418 2.4552390460877999701 -22475.479662212401308 130212.33606713099289 305.14208604400698732
1191600 43.608324548131200515 2.4530787140257501733 -22405.882153558799473 129768.31305645400425 307.0256708740449767
1192800 43.608412690408798085 2.4445398628225198934 -22291.019889400700777 130172.1378658869944 307.02722359517400719
1194000 43.607818157629999689 2.4470135010362699113 -22242.238548198900389 130249.95293861099344 306.3382538649819935
1195200 43.625117589172901944 2.4445861251338798503 -22439.353285138800857 129987.54368576899287 305.923072130742014
1196400 43.630707781551201663 2.4400690511285798578 -22500.533987780199823 130068.9880920489959 306.77075976896401244
1197600 43.636983732372200961 2.4372743193568000564 -22427.614868399399711 129924.94627439700707 308.26094968549597297
1198800 43.637602240591796487 2.4431196479581300807 -22422.483996934701281 130297.81772952000028 305.41137006042902158
1200000 43.6248740585334005 2.4508880218203099588 -22557.400574568498996 130011.00229231700359 303.32542495356898371
1201200 43.626601797889897227 2.455868751187530119 -22486.268603151700518 130055.60749429199495 306.29261423248101437
1202400 43.631486927883798899 2.4669175180322699958 -22485.883613454898295 130168.96422396799608 306.80576578801799315
1203600 43.629885404186296682 2.4855862382789197795 -22464.935317658200802 129862.0043269960006 305.84231238701801203
1204800 43.627677269108602331 2.4989899591744699769 -22464.967876129900105 129553.33226502299658 305.29558847788899811
1206000 43.624457839236896461 2.4990821695321900897 -22588.959996986701299 130128.62952857000346 306.14310225450498137
1207200 43.615691930424702605 2.5111435307359197822 -22479.124500356101635 130062.19547109400446 306.57319530952997866
1208400 43.613555645860500931 2.5095191775177601023 -22481.313936625301722 130114.57164886199462 303.72080945125497919
1209600 43.621396269805401857 2.5023948764899999198 -22580.938545883498591 130043.65210908799781 307.67032108393198087
1210800 43.60468581151109646 2.5019445122135999249 -22412.515678697298426 130087.26202060199284 304.28056690282102181
1212000 43.600001811529999429 2.4984103312859597956 -22462.029785596299917 129928.10393684900191 307.20615856553098411
1213200 43.591970637580502057 2.4868193387749197854 -22315.082756066898583 130008.75755362400378 307.6909420525669816
1214400 43.603138739247000899 2.47854894582768015 -22374.781873462899966 129822.35953993299336 303.14402543653301336
1215600 43.615400764116202481 2.4837624458349600864 -22263.789225505199283 130106.86730869300663 306.44637305927801663
1216800 43.630285079788500013 2.4831450297581501019 -22344.985642233099497 130281.09156652899401 305.84653162848297825
1218000 43.639983153957096818 2.4889389408873201504 -22523.756155623399536 129977.56071818999771 307.38920338712699731
1219200 43.64900580114589701 2.4797298128339599899 -22582.803297702099371 129789.06219293999311 305.76178700703900404
1220400 43.671425159574297936 2.4707327686303499625 -22475.218034625100699 129753.22510672299541 305.87348290562698594
1221600 43.689196740466996971 2.4872179264183000846 -22493.490591573201527 129962.91925390700635 305.00449928508498942
1222800 43.696295643796901231 2.4973575623781201216 -22589.857196478998958 130291.89156362500216 306.97861698532898345
1224000 43.707448567734303424 2.5127021045234299024 -22596.678764484800922 129882.32262948299467 304.90719807069797298
1225200 43.719140209570703348 2.5117276023445698208 -22577.080894834798528 129896.3339156180009 305.97197262329098066
1226400 43.730462638518503127 2.52152089282795 -22366.944444829900021 129813.66803247400094 305.70098688590002212
1227600 43.746303051506600923 2.5244241679067900286 -22411.622754827199969 129995.57524338799703 307.8735861930910005
1228800 43.754163258890898192 2.5172561677416900316 -22510.390584307799145 129892.0674126429949 305.4425596250590047
1230000 43.753359233534396822 2.5250908967522800452 -22561.536769067901332 130096.11771361299907 304.93927155054097966
1231200 43.747536364516498963 2.5388847558433500495 -22536.616231841999252 130182.90310904399666 305.45331249878097424
1232400 43.743935535117898894 2.5395883744715201935 -22433.061036123701342 129767.18938185999286 306.95259090059300888
1233600 43.74890804177439918 2.5385924258022800615 -22403.942083728001307 129951.24396568299562 304.69103576069602468
1234800 43.761454109031902249 2.5342503700192300364 -22585.551920421301475 129640.87467150700104 307.7787577079209882
1236000 43.761502667495797425 2.540120269825699939 -22533.210761552101758 130116.76089018999483 304.75025017155098794
1237200 43.773643292888600342 2.5592931290421199186 -22557.625983144498605 129938.71309654599463 304.39379485222997346
1238400 43.786956444771902852 2.5608349644893602104 -22461.103456024498882 129776.6276073790068 304.97302360617800332
1239600 43.788121832293796842 2.5616234687726899821 -22523.236646565899719 129702.18764982400171 306.19260783282601324
1240800 43.788413486114698969 2.5638853894004700607 -22353.673032289301773 129871.72034826199524 303.4073253187229966
1242000 43.794758298635201754 2.5643426062414800271 -22353.686533086598502 129691.14621996300411 305.87496050285000138
1243200 43.789811819857696662 2.5781782406919000472 -22376.390784981700563 129957.97910511899681 303.64972373977298048
1244400 43.780442656985201211 2.5961939048398199326 -22368.235023969300528 129452.92148464900674 305.35523905017299739
1245600 43.770870655655500059 2.6093220132502601416 -22212.87645685769894 130294.46983499999624 303.86733479722101947
1246800 43.768526782689697541 2.6203339106724699015 -22348.370128659600596 129741.77503215600154 306.83864406237699995
1248000 43.775237962412901993 2.6312622633302300557 -22310.02260567940175 129847.45725443899573 307.14492939797600002
1249200 43.794226728161902429 2.6415435282396799721 -22318.933990324301703 129783.48598883999512 304.51480539457799068
1250400 43.79610667322670281 2.647736759159959874 -22465.604117878501711 129821.55614834099833 305.04489835357600214
1251600 43.80547427669610272 2.6581819536013000516 -22353.579867489199387 129754.8882673640037 306.74099335735201066
1252800 43.808770153073901099 2.6664947139954802147 -22386.421680159699463 129747.07555549600511 304.94730437319100247
1254000 43.818204695965398798 2.669718250712100005 -22323.755070020099083 129826.68889862099604 304.61049589749399047
1255200 43.826722611789598716 2.6755848928281897869 -22386.421611352401669 129513.99055834200408 305.41679192338699522
1256400 43.831252038709003216 2.6717772910005002096 -22441.063117089001025 129857.06750327600457 307.37554392205998965
1257600 43.840664679827803241 2.6712562110274697957 -22462.94472233740089 130107.74395641600131 305.72509360789001676
1258800 43.843818981023396475 2.6665650835614997938 -22519.766360565998184 129900.04113043300458 304.94394282045101363
1260000 43.850924991545703335 2.667673199027150055 -22428.418744457598223 130195.15323068200087 305.87502971663099061
1261200 43.860417117628500705 2.6761142344645700852 -22360.344399906400213 129781.04616152000381 308.13061842328397688
1262400 43.861155526302603391 2.6728697123007600922 -22334.890102214598301 130523.64268416099367 303.56785622380999712
1263600 43.869684943036801883 2.6642827105534800936 -22536.459955952301243 129603.64367313300318 306.48964379592598561
1264800 43.871824379298999474 2.6730744469386098494 -22448.450468548799108 129735.10619235699414 305.85210932454498334
1266000 43.882219591599898934 2.6810836946969298644 -22437.502085621999868 129571.27648250199854 308.04431571748801844
1267200 43.896835990709902831 2.6887645176228400778 -22392.461542582699622 129972.07343288999982 305.55224511374501617
1268400 43.9227473343501984 2.6866374740167802138 -22329.609207883499039 129899.41364849600359 304.13869220325500464
1269600 43.957284236342502481 2.6943262420560500914 -22503.531136055298703 129564.11917608100339 307.87805242794900096
1270800 43.980735604479896494 2.7036145103346100882 -22476.456140307200258 129808.44300148400362 305.24045654766297275
1272000 43.990488881571799595 2.7043632428460400163 -22288.938548703801644 130206.32204189400363 306.31191207549801447
1273200 43.98953354368129709 2.7120505996979900054 -22421.442330834299355 129816.15904792300717 306.324294672660983
1274400 43.979377592932898722 2.7200037211494501044 -22446.809692887200072 130228.06380670600629 306.49986101702398855
1275600 43.968573137820698093 2.7317807284344102214 -22303.696763286799978 129501.97066505999828 306.07677082765701471
1276800 43.961564650287101585 2.7462100004434302214 -22394.71252515730157 129980.85595395699784 308.63614981615398847
1278000 43.96223404049940342 2.7621548927527799222 -22370.357727302598505 130081.51922774899867 306.74711500112300655
1279200 43.958979892890198471 2.7707571388484799613 -22417.947866095499194 130140.69862435599498 304.89881433282999978
1280400 43.963406382198201072 2.7703525249692599886 -22418.800489574499807 130104.19110189900675 306.27837399067800561
1281600 43.963972057625397838 2.7800365801171400548 -22514.978143401400303 130037.233877406994 306.71681171958999812
1282800 43.970720666071500204 2.7849065898725799961 -22475.983790689100715 129832.50641475900193 309.72133532977301229
1284000 43.977300057357901153 2.7855414047580802084 -22431.675366844199743 130224.38386141399678 306.10698377325701358
1285200 43.973982941837299165 2.7967118114575097998 -22417.291222728101275 129963.27486636000685 307.32508554993199823
1286400 43.971510204682701328 2.8058752470027301662 -22269.385235983401799 129644.62385298700246 306.80225397605801163
1287600 43.976529107175402089 2.8090807741048799961 -22433.761527845199453 130176.63281417300459 306.04749062359900336
1288800 43.986690714847199501 2.8042650503823298713 -22364.983631989900459 129770.3958142180054 307.25564025351400232
1290000 44.001099935407196995 2.8050154632964798829 -22528.111032649299887 129504.23089977199561 307.06183715973998005
1291200 44.015549887875998536 2.7983700964575701775 -22407.357254552898667 130213.95436780000455 303.80506412874700573
1292400 44.027396979332898752 2.7968759715390798526 -22427.075163348799833 129847.96983958300552 306.06525215659200967
1293600 44.03900473837379792 2.7938364906142898469 -22485.37089746410129 129904.47310189199925 306.30070776975901481
1294800 44.049495865010996454 2.803225399357310188 -22563.866040986300504 130063.19940414599841 305.04796257322999509
1296000 44.066979597729798002 2.8038432659331600227 -22447.023973447601747 130182.51253384799929 306.56864367401499294
1297200 44.085950523477997365 2.8017681179264499747 -22308.82759761069974 130027.76202467500116 306.4734479566200207
1298400 44.095808073145200012 2.8176521793578199748 -22336.117559054600861 129717.3590747499984 305.58643736796801704
1299600 44.091852978851100886 2.8237694343733901192 -22437.7728731649986 130023.21423771200352 308.89732744318598634
1300800 44.086731155419798256 2.828896005208759945 -22341.199752321801498 129778.50307860200701 305.18927816910701267
1302000 44.097847006070303166 2.8513495584719201759 -22308.938146369400783 130187.87505902200064 304.584023597273017
1303200 44.116096494661199756 2.8526608185093200731 -22450.806622264200996 129860.44506477400137 304.89734523660501964
1304400 44.136799292809897111 2.8640890951028099565 -22530.349871478101704 129874.89455083799839 303.9148119759630049
1305600 44.156623120785603476 2.8806321368491998314 -22445.077625334801269 129981.40549214900238 303.85513587025900506
1306800 44.181097553134598854 2.8795831143294101651 -22373.797759392200533 129998.88927097000123 305.99406215039999779
1308000 44.191916269849400578 2.8782730111554299945 -22363.53085849279887 129809.48675705200003 306.99251601388698418
1309200 44.199780571107297078 2.8883381857004502002 -22307.318294750999485 129933.86640037399775 304.7543293870450043
1310400 44.21052139122519975 2.8960968195715000029 -22432.693805539700406 129980.87272264499916 305.38710913724401053
1311600 44.220648197848099414 2.8923101004452598239 -22420.383734299000935 129997.75386432399682 306.28654183246197817
1312800 44.225866647464002313 2.8870786359783098263 -22494.40720193820016 129883.8320961129939 305.23049061783501656
1314000 44.227264584171997797 2.8912285559862400675 -22540.629536302101769 129855.55263390399341 304.07153306882798915
1315200 44.225895038173597129 2.9013011101532297786 -22494.723146901000291 129764.21826346599846 304.89082800186997702
1316400 44.225618866279297947 2.9055866701217700765 -22456.214013372598856 129613.24968165600148 303.93500102588598111
1317600 44.227380046840202965 2.9150927238359298777 -22357.877102930200635 129407.6369675140013 307.56727140991301894
1318800 44.221460177910799416 2.9308858234601000703 -22417.203149816901714 129781.11307668199879 305.56563267381699234
1320000 44.21136388138170048 2.9263900401507800808 -22323.677323659099784 129464.90810853599396 305.16219168604499146
1321200 44.204142143195703341 2.9268769098106299786 -22432.774514015698514 129703.95575001199904 306.32072480272302073
1322400 44.188921513606203462 2.9368993180161298007 -22492.472460893401148 129737.4826086529938 303.42157491888298182
1323600 44.172622361350299514 2.9368667635980698627 -22544.869399787101429 129977.12805113199283 304.17901574565297551
1324800 44.161388553550999347 2.9484690282509200543 -22347.609011353899405 129441.69770800499828 302.8937673258960217
1326000 44.157073456443299619 2.9600357324172201778 -22377.630421189500339 129855.48793587200635 304.62405388899998115
1327200 44.162125804895900671 2.967354030731890191 -22259.508137771899783 129838.49210582399974 304.0916900478590037
1328400 44.166698162699901786 2.9661507425278199612 -22371.911219102399627 129914.36346809900715 304.80174148355098396
1329600 44.186940598300196825 2.9709352873925101157 -22337.755971966900688 129933.68580056200153 302.66184632390297793
1330800 44.200088504315999671 2.9896729499217400416 -22288.809690467198379 129972.01174955599708 305.05771720678302472
1332000 44.217337558074000015 2.9843764030896200445 -22381.371505975799664 129877.2523440609948 302.44470663338097438
1333200 44.231008426687402846 2.9754540493029901782 -22393.714400431599643 129474.05640765700082 305.4512742284559863
1334400 44.240580459876397867 2.9706255423144800609 -22378.040962673898321 130148.14523725000618 304.97573503827499053
1335600 44.247489988193102306 2.9726823551111301036 -22579.720943050098867 129912.09539204600151 304.89696464558397793
1336800 44.255847984847498822 2.9791552440891098108 -22427.8382322071011 129764.28291921700293 304.76577627489501765
1338000 44.261370954251397336 2.9793184075992198423 -22468.335819184299908 129296.1986750740034 304.87738837568599592
1339200 44.255470281398302745 2.9853420070589700153 -22321.247030427399295 129773.69358060299419 305.05564739440598032
1340400 44.247643941343497431 2.980947647774100151 -22421.013136561799911 129872.62243503899663 303.37477575853398548
1341600 44.247239219398302623 2.9888471768693700703 -22240.605620125199493 130169.54488023099839 305.79976837905201137
1342800 44.255706831210503083 2.9933810102248501472 -22289.382567937198473 130150.42099530500127 303.59758937783601596
1344000 44.261415115864096492 2.9911883895672501943 -22176.49900728260036 129534.42547176800144 306.46997934295501409
1345200 44.271780101306397626 2.9845346876804299541 -22244.0619292047013 129729.96436623900081 307.07882356589101391
1346400 44.283335923083598118 2.98585495586630012 -22342.805497845598438 129556.69312047600397 305.11059612767502358
1347600 44.287400347955596658 3.0000224526790999491 -22353.802924310701201 130143.44342999499349 303.9437562776950017
1348800 44.303405815088702013 3.0089677782476598189 -22285.515703742799815 129902.26317589600512 304.50608645254800422
1350000 44.327602367003102302 3.0185955118554499421 -22155.802875744699122 129676.2887445850065 303.96840176220098328
1351200 44.344993601554399731 3.0310750359429499134 -22145.058189976498397 129614.10533945000498 304.49955631886700758
1352400 44.358660495453896999 3.0127426269768498024 -22310.878452359000221 129678.28071150899632 304.33545104552098337
1353600 44.379087747105799622 3.0021634210108101293 -22225.080222965600115 129079.34827318700263 305.14186776409297863
1354800 44.398043739132198482 2.9995253045176402118 -22295.499429306200909 129578.98415438100346 304.98681958152798188
1356000 44.406459108847300854 2.9999644239998302098 -22173.312285382900882 129808.82252993200382 303.08160526667199974
1357200 44.417288861987600512 2.9996615565895501376 -22016.379116383399378 129378.70746244500333 303.4999430176320061
1358400 44.427618512166397124 2.9996501907889099314 -22020.23732165959882 129965.79464568299591 303.27979398526798605
1359600 44.444539916522998624 3.0247814657666101112 -22199.451471038799355 129248.20247032899351 303.33028125000998898
1360800 44.452716386454596886 3.0297363515847499649 -22213.997650838598929 129338.42722422399675 305.95040626456500377
1362000 44.460318565015796821 3.0354141824844500519 -22173.024863422899216 129707.21468911900593 303.4768268134279765
1363200 44.455935532528201293 3.0556459604795600526 -22238.332917286199518 129330.42113203500048 304.31901971916300909
1364400 44.440685552969696914 3.0798937979289200406 -22225.379726427301648 129719.91377058600483 304.36432797932599215
1365600 44.430370714869702908 3.0920830165427899416 -22191.751037393998558 129698.75069579599949 303.44928862999199737
1366800 44.424801106623000635 3.101102729172390049 -21999.179035518300225 130034.55263237800682 306.03382761959602476
1368000 44.426247359991599239 3.1044070799946701378 -22165.516387559899158 129666.05356562099769 305.85975972699299064
1369200 44.433683211816003222 3.1182977218867899971 -22330.822188344598544 129553.28919646999566 305.95524271010901884
1370400 44.440511611301197092 3.1381953611178601271 -22122.193145407600241 129729.91309889400145 304.85867580061199078
1371600 44.443672241536901879 3.1521873511375599897 -22278.40139728090071 129741.17172197499895 306.25739311869699577
1372800 44.459584287230001109 3.1619243347819399048 -22156.924523825098731 129946.87519915000303 303.07150041860501233
1374000 44.466443685023797627 3.1707435313082101835 -22376.364547935700102 129634.31624368700432 306.39422972761997244
1375200 44.465994835125698614 3.1641273295592200476 -22495.603603300100076 129795.08534455699555 308.20554424512801006
1376400 44.468135376660100633 3.1643917163480299592 -22109.229249742798856 129633.08329887999571 302.94309917520098452
1377600 44.464031190614896616 3.1558124563926202022 -22190.018478472000425 129671.03623406900442 305.34506898895500626
1378800 44.458989497765600163 3.1571822504817399491 -22309.616005986401433 129182.09355262799363 303.5836625769770194
1380000 44.463596087547898605 3.1658606571555298892 -22255.686022522699204 129671.4517331590032 304.1675824977639877
1381200 44.471196598148601709 3.170934686232429911 -22066.418106643301144 129362.58185222699831 304.33008111701997223
1382400 44.482377356009003222 3.1732751506726599722 -22057.469337301299674 129775.32557556100073 300.79586854142200991
1383600 44.502682519243201398 3.194381668576089961 -22157.442688949398871 129363.94500228000106 301.95531268539099301
1384800 44.519459651535299827 3.1929991685296599258 -22214.020169237599475 129506.02804702499998 303.27725862191601891
1386000 44.518472875587896453 3.1975724257968898279 -22131.144788979898294 129423.08686283699353 305.18191703224300682
1387200 44.530688524185201516 3.1853445779419500283 -22182.849635859198315 129411.95455621999281 306.6088432686299825
1388400 44.542660469210801466 3.171526879101389973 -22212.555980143599299 129329.62183922099939 306.48319451062002372
1389600 44.548934122968198324 3.1747367245347200004 -22112.103999876198941 129711.50441224199312 306.26563668922699435
1390800 44.560780143500096528 3.1861423039952598835 -22047.672340399600216 129716.45077974899323 306.74553255792500295
1392000 44.564804166045298928 3.1974535563244201875 -22081.200717073799751 130076.21523235799395 302.07738024509097841
1393200 44.569702775699596486 3.2001677998466497854 -22101.009737138501805 129637.99082256799738 307.73834089653797719
1394400 44.579409097148101182 3.2062294229399701528 -21921.980484881398297 129650.82267604699882 306.43295948594800393
1395600 44.588994656324899779 3.2122193442064599367 -22070.165916444399045 129769.00688057699881 304.00782553608502212
1396800 44.5909734566021001 3.1983538396432598105 -22044.856771266899159 129758.26312372699613 304.89905925319197877
1398000 44.597680438293700433 3.1869948123241198523 -22006.970025825499761 129532.75749504100531 303.9469753761770221
1399200 44.606923581880600693 3.1902793816828500795 -21959.58466708549895 130079.9389259449963 304.62834941612601369
1400400 44.619885695531102954 3.1971150255683298269 -22021.290975871499541 129411.00963537799544 306.04762671470098212
1401600 44.641985941815697458 3.1998606758656600313 -22069.666707371201483 129979.29657337999379 304.57436511789899214
1402800 44.662848872028298786 3.2032150976579800705 -21846.804327670201019 129726.25039032500354 306.32139945288099625
1404000 44.676311845511101239 3.2055943499816801356 -22054.335958152300009 129888.1772646150057 301.39465033104698932
1405200 44.685806782545903104 3.2037245984420201772 -22040.907017319401348 129631.69221573299728 306.747895751484009
1406400 44.685419169517302862 3.1900394211928300159 -21980.065192059599212 129645.60693240500404 305.27385962916997642
1407600 44.678679100163002147 3.1820458422237800633 -21950.473956875499425 129618.36886546299502 303.76788142432599216
1408800 44.679363242639901443 3.169064721700309839 -21934.548169268899073 129839.56911015399965 302.48761594006202813
1410000 44.687792980205003346 3.1621645124743698041 -22126.111759138500929 129407.24100996699417 306.46467509735799695
1411200 44.690810381631401071 3.1631793270653001393 -21887.137667110699113 129973.50349549599923 303.30923014777101798
1412400 44.690920132025603095 3.161395594630899808 -21843.567747240100289 129482.16899526299676 303.60417375010501928
1413600 44.691019597048196488 3.1569533274561001335 -21985.502990192500874 129730.63615118099551 303.95802325932999111
1414800 44.686282144246000314 3.1623156146628201846 -22029.771399229899544 129529.12696921700262 304.44967446448100645
1416000 44.690421462894299509 3.1617587782517801998 -21998.129171058200882 129458.5882746809948 304.24995676239302611
1417200 44.703259023991499532 3.1582110172127801917 -21999.415018229999987 129615.18190168100409 303.78823951561099648
1418400 44.712868990307200079 3.1703690736301299857 -21985.818628125998657 129802.93387917999644 303.78375631350900221
1419600 44.723783740165799827 3.1818254684799800458 -22040.641792575999716 129785.55208280999796 303.9362413542319814
1420800 44.744266490284502424 3.1801008769694099065 -22165.609707076298946 129961.34143783799664 304.08396832991900283
1422000 44.751911068825798168 3.1919320401065101045 -22237.173116668200237 129714.9839908349968 304.81309163873999069
1423200 44.767953531013802149 3.195044486350170132 -22164.91544732300099 129680.94444089299941 304.91675008137002578
1424400 44.776779475155798593 3.2040617855666901903 -22177.439719166799478 129439.17762490999303 306.34425962254101705
1425600 44.780031121569301433 3.201407480312480125 -22077.067905579500803 129546.20869723999931 305.18339703050401113
1426800 44.790876559728502571 3.2052060981567298548 -22081.020131796001806 130078.23615317899385 305.47939903561302799
1428000 44.806274503907403073 3.20246315066821019 -21931.720704591098183 129714.94845188100589 302.84991921723798214
1429200 44.817963577568797007 3.2193541991604099906 -22000.24100882609855 129677.88658975399449 305.70019474007301596
1430400 44.830692534469001487 3.2202051701083598267 -22068.62857546449959 129728.75073762200191 305.90291912253798046
1431600 44.84814889499649837 3.2198816237855898414 -22067.321109311200416 129289.50626432300487 304.69207361054702687
1432800 44.86782084161360018 3.2464522424154700353 -21998.974616453600902 129714.6926742039941 306.16287838866202264
1434000 44.881869187345699856 3.2579002112574699801 -22015.365776348699001 129708.62269177800044 304.51409389070801126
1435200 44.89468409282270045 3.261542152100609826 -22093.536002740598633 129948.96974213399517 305.47575161668800092
1436400 44.902699219251502427 3.2691485436656702035 -22123.88375115279996 129835.84239321699715 301.3880605715669958
1437600 44.903375409855300404 3.2787567097683001371 -22063.558164827998553 129670.50163978300407 305.01109976267002821
1438800 44.905707158990701089 3.2771772958549898469 -22067.608653169201716 129367.73361753500649 306.35002111638101496
1440000 44.898658307985897409 3.2711726492928501209 -21975.98966855549952 129443.56117170299694 304.46357946821899532
1441200 44.895410547345896646 3.2689565185623101762 -21984.080357888498838 129191.01361633700435 306.51760606557900246
1442400 44.888222261265802615 3.273495538152929818 -22125.544599496999581 129466.33255822499632 304.45941330811501757
1443600 44.878074887811600036 3.2826298622825897944 -22079.431247975600854 129740.71048708600574 305.50798046949398667
1444800 44.882359116933599807 3.2902180863148600132 -22130.516148238701135 129326.15474186500069 307.41732209449497759
1446000 44.884489825513099959 3.2937864444128699404 -22085.442542501601565 129691.66221450699959 303.5930719450159927
1447200 44.882078338241200299 3.306518959988749895 -22103.84474666909955 129401.72462019500381 306.95631492255802186
1448400 44.884816360685199754 3.3223226998156798473 -22013.17918046289924 129772.58914035500493 305.55474831049400564
1449600 44.880637982323499102 3.3282110255316301739 -22210.67350526339942 129434.84254215699912 305.53524838826899668
1450800 44.870076860775498062 3.3344176725398799732 -22128.700074676398799 129897.41594324400648 307.02412609000799648
1452000 44.866130624238401481 3.3270689849994301568 -22041.285157756501576 129819.6749897050031 306.61236452443699818
1453200 44.863986231536003402 3.3209213475304197871 -22069.698020974301471 129220.73276741600421 304.775218182859021
1454400 44.861787551311500977 3.3287636305202599196 -22155.715950326699385 129510.83339372900082 305.91403738329898943
1455600 44.869003928638399259 3.3322107777115701488 -22217.066865746099211 129159.35274985599972 304.51205249845202161
1456800 44.881846578346596743 3.3517327261046401254 -22036.22167642830027 129349.08176395400369 304.58456459014001894
1458000 44.893386677102498084 3.3583236176111599391 -22017.829129556601401 129744.83434664900415 304.63830579126801013
1459200 44.905571681403799289 3.3655271818526100169 -22091.737661664101324 129332.13756748099695 304.36799538899197159
1460400 44.924835705868296998 3.3682099981174098424 -22043.721243038100511 129680.58937014300318 307.081478722318991
1461600 44.925113316834398347 3.3798085957841998983 -22106.313060002499697 129452.99119403499935 306.99654228158800606
1462800 44.935432471238399899 3.3861961017713499977 -22318.665417506599624 129578.67401408900332 306.51196346118797464
1464000 44.942319920328998251 3.3865770082918600359 -22128.071868370501761 129480.74428569100564 304.56339017787297507
1465200 44.953658898707601566 3.3920489187010098853 -22153.881178867701237 129550.44953009100573 305.73304331451998905
1466400 44.968902694051600122 3.4009589310869499101 -22247.003226764001738 129388.09080166999775 304.62865045526501717
1467600 44.993498623581601237 3.4046729202823802218 -22142.266825926100864 129433.29133906500647 306.87898026542899288
1468800 45.010489167988900761 3.3956278984285499511 -22085.84129856709842 130080.66234615999565 306.63280798645598679
1470000 45.015235765024797843 3.3920896872886499018 -22084.742039126198506 129580.66888475700398 305.17754736647799518
1471200 45.012642647264399898 3.3898204924305699315 -22027.44417340919972 129568.99034744400706 305.73700272530902566
1472400 45.016344883442499736 3.3991883559437900963 -22114.17366661989945 128993.3778752520011 306.81443480864402318
1473600 45.016008896781499971 3.4068491707763399745 -22119.611251846101368 129175.42838089200086 306.7230210355820077
1474800 45.020765380507697273 3.4080362404539599197 -22054.992819048300589 129852.76634227800241 305.2226679090239827
1476000 45.034947066881898081 3.4187862792164898096 -22067.885721502301749 129361.21767301000364 305.09680020762698405
1477200 45.046468026549497665 3.4312361194864799963 -21982.627457847698679 129558.55764645799354 307.36159466032302134
1478400 45.036599489280099817 3.4415537872208399328 -22173.431535596700996 129364.43862023399561 307.43397354077001182
1479600 45.045139679592303139 3.4560068027556001269 -22078.887341506200755 129466.64492727900506 306.66095210884202515
1480800 45.055113226081800804 3.4569583761888598161 -22071.607332401301392 129262.33645643500495 307.53885695887402107
1482000 45.069198409726297427 3.4643503823975700939 -22102.63431960410162 129497.38423173699994 306.0141517200220278
1483200 45.089469640858098387 3.4658060419850600375 -22042.257754230598948 129764.00270282699785 306.37284639024500166
1484400 45.105672202887902245 3.4743331362861198386 -22169.990890207998746 129435.12713692500256 307.14231476954699929
1485600 45.121453018140101676 3.4803434762393199442 -22054.945561481599725 129141.43488322199846 304.76813632178101443
1486800 45.129837267459201655 3.4835927951893799204 -22101.747975651498564 129250.2671163490013 304.32605910101398194
1488000 45.133220301374301187 3.4885711588788499427 -22114.570399622098194 129436.54774656399968 305.08657521679799629
1489200 45.142651978153196524 3.4927183348678698671 -21937.287105526098458 129655.38590001300327 303.93995087138597455
1490400 45.144417191948399193 3.498263280076930215 -22065.302508594599203 129656.8275467880012 305.49979369440399068
1491600 45.147344408233998081 3.4923689094282899248 -22088.585612708699045 129619.78574531699996 303.98204574764099561
1492800 45.147495521801801033 3.49303802731627 -22097.419529268601764 129604.97943376400508 304.65674545568498388
1494000 45.149079815733202281 3.5008400705997297919 -22044.426828802501404 129403.74380292900605 306.18544990072098244
1495200 45.155057264037196774 3.509948968567000005 -21947.577567429201736 129641.45286808199307 305.87352087322801708
1496400 45.16624427390019747 3.525940794026280134 -21993.840623216001404 129666.64863079799397 305.83606847993598876
1497600 45.184501466840501394 3.5437164026409200268 -21936.248488217301201 129423.12206738699751 305.7998993984659819
1498800 45.210079893762099346 3.5559478559730299807 -22065.667269720401237 129339.46029608600657 307.33755879508601083
1500000 45.225583296018001533 3.551028945594489894 -22033.034387610099657 129865.4712889999937 305.20722385494798345
1501200 45.242401243310801817 3.5512841550105700428 -22084.586154486598389 129348.94176308999886 308.57804711484499194
1502400 45.251186582581098605 3.5561996201074901336 -22209.636704746699252 129264.03444900200702 306.42931841567599349
1503600 45.258588825677101397 3.5652351510370001719 -22095.502784474101645 129506.04365089800558 305.04212069088799808
1504800 45.266373729725799535 3.5731677763840998807 -22153.701204156099266 129412.39319523199811 304.33264034495601891
1506000 45.264880722766498877 3.5763131712829498987 -22037.805840820299636 129802.32161619400722 304.83137615889597782
1507200 45.267405897626701972 3.5663503829888298924 -22142.151514846398641 129309.13382780199754 305.80912422286399988
1508400 45.253305648130300654 3.5577270289032600914 -22171.804448263799713 129647.05009575899749 306.14827194238898755
1509600 45.248654710612697727 3.5593400107530901444 -22236.425558958399051 129335.97425610199571 306.72154998040002738
1510800 45.241463997113598339 3.5637473950603300032 -22122.255800085698866 130045.17049389099702 304.53156761097602612
1512000 45.243645752914396496 3.574377547149199863 -22279.05766446240159 129051.91414259800513 307.55135960819200136
1513200 45.249266521289399634 3.575039001011850015 -22249.78942842359902 129680.51029460299469 305.18202305387700335
1514400 45.257564921128199842 3.5827970775535100678 -22267.885343483900215 129635.7807086249959 307.00575669413797186
1515600 45.272978508586696478 3.5916105523324199922 -22332.862253693499952 129909.29940098400402 306.41122523941800182
1516800 45.278649988170698748 3.5916925684098601756 -22088.662023395998403 129445.73038502900454 305.9606437792879774
1518000 45.281064881804901745 3.6113345404870798028 -22257.655327765100083 129213.90179274800175 306.90582117560501274
1519200 45.282741133700902481 3.6185127246152499758 -22274.464397893498244 129659.01785083800496 304.75698890451900525
1520400 45.286558806870999661 3.6295121865854600429 -22171.190337266300048 129292.82525832300598 306.98292085561399745
1521600 45.300765521950999926 3.6379335541610600124 -22313.971858955999778 129637.38811067199276 307.91509423674398249
1522800 45.316203565678300436 3.6514422539966098213 -22297.258092081799987 129610.67559680399427 304.99668355710798551
1524000 45.316280196720903461 3.6622190167593000609 -22454.37609437320134 129843.03527555300388 305.01527684876600688
1525200 45.31539226055920011 3.6476065015886400822 -22222.487244275300327 129859.05822985399573 306.4974445590219716
1526400 45.317996124310603534 3.6547131015847500457 -22151.60638815439961 129699.9407221099973 306.30012653520299182
1527600 45.313211934823698357 3.6626579245882098235 -22379.470173566398444 130124.55930029299634 305.27647869354700561
1528800 45.311334499346600069 3.6700516469687500809 -22247.616119207301381 129726.48554498300655 306.68295785110200313
1530000 45.301677402147902285 3.6806178090027299454 -22197.891153895201569 129661.34043392099557 306.5018733526790129
1531200 45.299404442122700232 3.6876211922245398789 -22183.490425286301615 129617.79589886199392 308.46274986156197428
1532400 45.302650121289801177 3.6875756824303400627 -22119.745658117200946 129802.71990248200018 307.92378406852498074
1533600 45.310555613858397805 3.6929606063205100419 -22076.428501737100305 129765.23211380800058 305.39509611826002811
1534800 45.318346704212700615 3.6904647101731797854 -22200.527246388399362 129518.70482659399568 309.11422557906098518
1536000 45.325625206363596931 3.6869939669647000535 -22107.631996723201155 129616.34869576399797 309.78634886375601809
1537200 45.35360389210769938 3.6873442625519801119 -22064.797876214601274 129457.92100948700681 306.46635937253000748
1538400 45.367350652159998958 3.7046860920109598858 -22129.155850599199766 129825.08833935800067 305.37016959463102239
1539600 45.370652090235900289 3.7223906484409701179 -22218.382145817900891 129840.87127313000383 307.21002122639100662
1540800 45.379182335331996967 3.7269074975404801187 -22279.041766572099732 129600.42471891400055 307.82440893151300543
1542000 45.38692711962210069 3.7338690668589600286 -22123.660053984298429 129516.9515976029943 305.5626943146230019
1543200 45.399429510596398529 3.739342023890099842 -22095.819473456700507 129447.94751983899914 307.42944788712401305
1544400 45.420619527835903284 3.7403107382208800047 -22245.675212197500514 129324.33340566899278 308.93489407504802102
1545600 45.439036052091502427 3.7349125605972401942 -22101.301065838899376 129620.64619968199986 306.77519097387198599
1546800 45.44467695505060334 3.7223446593577400598 -22220.811411658698489 129812.45375324200722 305.31986001602797387
1548000 45.44387096858930164 3.7168788102700900389 -22129.377020771698881 129663.33652258200163 305.35676064082997527
1549200 45.456505856214597827 3.7113653012552600963 -22102.144818413999019 129445.61153839899634 308.8613214241909759
1550400 45.458244351319400778 3.7180568612565001452 -22179.605771826398268 129631.9679686390009 306.10360783242299476
1551600 45.451557333769301295 3.7133542214326498154 -22195.750113625501399 130027.63867588399444 303.16593994562498438
1552800 45.4527100590541977 3.7277291017713700683 -22303.766520858800504 129270.97009772800084 304.53591682942902708
1554000 45.466715189116101214 3.7374620587356499612 -22216.363843586601433 129694.70371055499709 305.40040448803597428
1555200 45.484207576209897184 3.7485019176934599727 -22140.080068260500411 129484.164947569996 306.77140759420501581
1556400 45.493904601726697479 3.7585313123789001466 -22105.070447580699692 130255.07450115600659 304.71909282427998278
1557600 45.492588811881603306 3.7571830539476098743 -22187.340330408198497 129314.92806390499754 305.86683417018298314
1558800 45.488088873106697463 3.7530038315821299122 -22168.820192541901633 129468.54801376600517 306.87694796716499468
1560000 45.475915435078796634 3.7498554576059199839 -22054.875119749100122 129587.93282839399762 307.85949821307002594
1561200 45.487897015174297621 3.7571327586823000111 -22002.51123756240122 129371.54208906499844 306.04366100188201472
1562400 45.496334579682901733 3.7616161174301798731 -22077.743100423500437 129226.31021938999766 305.51218175385599807
1563600 45.504286083049301226 3.7720422972591398647 -22168.855236376999528 129366.92117816499376 306.7393577700980245
1564800 45.514481404107698381 3.7752055208267001341 -22042.487309238800663 129935.0911317269929 303.803812800692981
1566000 45.514557772221500898 3.7708239879873399758 -22105.69168709529913 130070.99617380299605 304.1256639103240218
1567200 45.527170026414196968 3.7812213319245397969 -22125.68792869220124 129375.74259400299343 306.91555644189600116
1568400 45.548937305846898482 3.785976254860119905 -22240.515506653398916 129493.35361086799821 306.90175296673902494
1569600 45.567175029558498522 3.7763607427491399093 -22203.458935403901705 129878.47183676899294 307.18804404275999786
1570800 45.581752570535996938 3.7765546057666501412 -22256.850173178299883 129474.99217323800258 307.42492586361800022
1572000 45.593854673924099075 3.7831858353130400907 -22132.116638068699103 129417.07524433500657 304.82523520268802031
1573200 45.616211274505296558 3.7973971570378202145 -22198.591263275899109 129320.12869526000577 306.34232065556199132
1574400 45.64251312799260063 3.801919654793299852 -22025.778983713898924 129727.82196434900106 303.04233169996001607
1575600 45.660696936626003151 3.8034625977916300954 -22097.637803737601644 129408.97929277700314 303.71158318926899256
1576800 45.679301354891101994 3.8054474258089099337 -22121.810925323701667 129629.6152237560018 305.53528169538401471
1578000 45.705112514808398316 3.8062836845225098692 -22236.351046956900973 129262.1778470690042 306.02078624757200487
1579200 45.719023105977697696 3.8007241651952599071 -22244.318942837398936 129206.88514705600392 307.71772872411202115
1580400 45.736769383187400706 3.7979656271454897976 -22192.427575229001377 129591.28656649999903 304.50322806898299177
1581600 45.735670427601398558 3.8104710514820299139 -22074.388400071500655 129400.40754042399931 305.25282999397001049
1582800 45.714828218876299104 3.8207353936761601076 -21998.89331977150141 129803.99931802699575 305.9842939893119933
1584000 45.711323797053097451 3.8261482130139499169 -22393.081333673901099 129796.73968939999759 305.36249635943499925
1585200 45.70744595104550001 3.8237182663996698295 -22191.107156982998276 129407.9445338719961 304.05884203239298813
1586400 45.702916665107800043 3.8183755472886100613 -22306.917775141100719 129250.72808532700583 307.09102645118002783
1587600 45.714142289316697543 3.8111615409590799963 -22269.093509545400593 129816.11962409400439 303.53019917214697898
1588800 45.735342297972103154 3.8068952956776000995 -22174.038265934701485 129881.82729134899273 305.95817990837201705
1590000 45.753430377595599055 3.8105961596089401588 -22129.458325603700359 129474.00703367500682 303.33177953236997837
1591200 45.754917988380100269 3.7936457784624399991 -21967.775170360000629 129332.00064071500674 305.30451319883400174
1592400 45.745595294481496751 3.7909486575967901167 -21973.025703532199259 129205.56164882599842 303.88752452259200254
1593600 45.747821170208297303 3.7896963693627800929 -22015.132342054501351 129580.04191032399831 303.57268073212998161
1594800 45.763736831975101893 3.7975596536912701318 -21970.687253407199023 129325.30222420800419 303.10057660483698783
1596000 45.784703757928596701 3.8012169672606899162 -22050.03463506279877 129600.40041627899336 303.02886167861697686
1597200 45.802849313097198092 3.7996766099888299451 -22070.231676537601743 129013.31562142500479 305.26491056356701392
1598400 45.80636058975689906 3.7962775948183398178 -22081.626091773898224 129610.74514969599841 306.54275147337597218
1599600 45.817553611858500062 3.8011249597506497899 -21927.596895766600937 129312.11735592299374 302.3142105715900243
1600800 45.841515926506296807 3.8199449151562001603 -21981.891540241700568 129542.76659218900022 303.67559035840400838
1602000 45.866230443145099116 3.8207305257360699713 -22002.532102174998727 129038.13779566599987 304.44125231091800288
1603200 45.883960249890598959 3.8191662782075002092 -21847.423092245098815 129532.95905700000003 304.8199581746400213
1604400 45.901351155547899907 3.8285936294353501985 -22145.458026158099528 128973.38538203199278 303.95191317620697191
1605600 45.916772279549697089 3.8296068021894300593 -22146.602071859000716 129743.78492857600213 303.24292211849098067
1606800 45.930103791180897588 3.8454593576026101509 -22131.591538193701126 128861.37760955000704 305.72883779252401837
1608000 45.94705843971910042 3.8496616446497298192 -22086.397364726799424 129256.65113124900381 302.9874587682330116
1609200 45.953831302643600054 3.8572350160925901186 -22127.357499295001617 128968.52801813899714 304.14479371488101833
1610400 45.971843302654100683 3.868283702722639994 -22141.751805052201235 129486.60250681400066 303.04936681482797667
