Step Rg RMSD_XY E_Interface E_Poly_Internal T_Local
841600 42.537109938678902665 0.52020155077570096047 -23132.519262102301582 130871.06107673799852 308.09104718825898317
842400 42.544144391232201485 0.65607646992064705405 -23094.275207638198481 130437.562889858993 309.15670495600602408
843200 42.54820447730489974 0.72130251533197198288 -23146.656177393499092 130752.62598370200431 308.52944353891399487
844000 42.549235478585600845 0.76358290852552201944 -23086.875123134399473 130524.92195078999794 308.13263161029601633
844800 42.546376667421597517 0.8032260004175310053 -23261.642913990501256 130430.53063352199388 309.74141005834002272
845600 42.539172084215401526 0.8476910936612379599 -23155.682692814898473 130568.96242919200449 308.22608745685300846
846400 42.523514223258501943 0.87276012803150804231 -22920.36692884130025 131158.94591070699971 307.91947250764201272
847200 42.506212981665697725 0.88455880424267696593 -22972.973923254401598 131169.711369533994 307.18350080690100867
848000 42.491372894803099314 0.90665222137875500774 -22975.294835112399596 130390.86684784399404 310.00920718959497435
848800 42.483715702781303492 0.93898321599266698634 -22877.947243673501362 130855.63106264799717 309.93177943468998592
849600 42.476753022621302591 0.96499711993761294604 -22975.079398623300222 130905.690304956006 308.97351368143802119
850400 42.469850919834996716 0.97606760265078995609 -23074.174672304998239 131062.03606804700394 309.68650862537498369
851200 42.467619810271102665 0.98298889665863897758 -23029.030316020598548 130488.06433385300625 309.65647204934901993
852000 42.472427382254402062 0.99937686344743004163 -23024.66257387099904 130629.33176064200234 306.44144900882099591
852800 42.485945631450903193 1.0154542806466799743 -22989.812107742800436 130639.26932700700127 305.65699174748897349
853600 42.501499595377197238 1.0176193457002000731 -22885.940733164101403 130147.70055505800701 307.44108252165301565
854400 42.513372560143700696 1.0276676238426500909 -22928.258132734699757 130674.33460707399354 308.0469187854670281
855200 42.520634037485102397 1.0335636888640900022 -22945.307275801798824 130735.35974224300298 305.22172986080198598
856000 42.51529258553409818 1.0458887164101799971 -23071.063090544899751 130640.2293890669971 307.58258003804797909
856800 42.507857123466202154 1.0608348236873699211 -22991.907192674301768 130071.89015217599808 306.68016528514300489
857600 42.508514441130202499 1.0766350922978800142 -22989.130050696501712 130290.24341683699458 306.83647514955299584
858400 42.511363022352298913 1.0898036560257300387 -22925.584130260500388 131274.87015632900875 306.18074519350199125
859200 42.51365149545559774 1.1023606678466499886 -22951.60899153650098 130563.8202243239939 305.44824840736100668
860000 42.514472293946603543 1.1183653459914999484 -23185.260950646599667 130289.02812765700219 305.43240974792598763
860800 42.509551680407696495 1.127658468413530013 -23005.477818163799384 130507.14962271500553 305.38822476751602153
861600 42.502769046724402813 1.1355793269285499036 -22998.424677586699545 130710.35150151900598 308.9368127616319839
862400 42.500909964764503002 1.1529021309039100274 -23071.456946200298262 130414.22693884700129 304.52225523026800147
863200 42.496679850516599686 1.1700022232449200921 -22980.784801881400199 130605.59256348399504 306.91848310904998698
864000 42.501882422809401874 1.1720707099652400984 -23114.542350116698799 131101.45040178400814 305.53055824004400165
864800 42.50616769674839901 1.1795657177965199747 -23229.109433203098888 130566.38903770199977 305.53856714809597861
865600 42.499602855555302483 1.1820520566881700386 -23097.223668570299196 130373.25744729000144 306.42960624193699459
866400 42.494018359747499858 1.1867541665321299504 -22961.545873485698394 130433.25887552100176 307.27390776077101009
867200 42.492914449757797968 1.1919909630858100957 -23084.110012766101136 130657.34339241500129 305.50709053159698669
868000 42.495412751475697632 1.1990878172426500115 -22959.653757547301211 130359.78069080799469 306.9141931674619741
868800 42.499848581680097936 1.2082371449273499042 -23015.747402062799665 130750.65952267999819 307.22972782568598404
869600 42.495197887695397299 1.2184500397772399793 -23026.784452773001249 130349.81961783400038 307.64735943498698134
870400 42.494008617619599022 1.2175708138857299634 -23022.623188848199788 130287.90073280400247 309.34548161783698106
871200 42.500448847810197606 1.2274731214520200329 -22978.027577801698499 131090.23174350301269 303.66787437912302039
872000 42.505994872705201715 1.2406044136823000112 -22967.788244186798693 130023.3757159270026 305.88893381520102821
872800 42.515500356245603086 1.2541816440650199738 -23166.95357644500109 130167.19773572900158 305.84347857820898753
873600 42.530276316813001358 1.2671055353792299858 -23375.378407622298255 130120.81277663000219 305.88882939071498868
874400 42.543241345556403132 1.2718143762754801074 -23179.335529216001305 130516.80334649700671 304.14112653726800772
875200 42.552900967485498995 1.2772416345100199297 -23129.776544310898316 130333.52052941299917 305.84391022682598305
876000 42.559474276777500279 1.2909122953746299256 -23060.719201998999779 130697.99465324700577 304.95324618852100684
876800 42.558056748795202395 1.3044852982196200042 -23079.947262729601789 130284.1926649119996 305.88928516328098794
877600 42.554467020262102039 1.3191970282237199807 -23147.411125335598626 130152.37181847999454 305.14201387532199305
878400 42.542375557151800081 1.3199112150378700115 -22925.575671022001188 130208.84969015400566 306.28560995439198678
879200 42.533374324617398088 1.3199046770046500843 -23008.817499296601454 130497.57687863800675 305.0311725129460001
880000 42.527555844515298134 1.3273047723872999359 -23109.787860464599362 130349.72019692900358 305.86197522455597664
880800 42.533661430776000145 1.3321672967373801022 -22958.211695091500587 130366.72968437000236 305.55653247712399434
881600 42.540777303350999716 1.3381291788565499168 -22888.099357281698758 129777.26722687600704 308.38237660385198069
882400 42.544098341192601254 1.3447444219192499215 -22900.149358819999179 130973.13382441099384 302.84305368533898672
883200 42.543708859934497468 1.3549386403443899329 -22878.325530192498263 130410.78355860500596 304.39604713186997742
884000 42.542692485622197296 1.3584089016578599907 -22967.961639814599039 130476.1559528390062 306.20883937340698822
884800 42.538544835876599848 1.3641023256463300495 -22879.210875340300845 130369.78641424200032 307.48003020699502486
885600 42.539054007722199913 1.3669912327480999714 -23069.429033737498685 130387.25568484900577 305.91197246908501484
886400 42.53938230808319787 1.3680918091159199879 -22960.258883977701771 130663.77240881099715 306.76013105910499235
887200 42.537237093332599613 1.3713643282252601097 -22849.097729446199082 130606.55511729000136 304.39480394375499372
888000 42.533210439027797634 1.3758050543689599454 -22785.930379098499543 130176.33283113999642 304.63633370151802637
888800 42.532418941028602433 1.3803412685377400848 -22894.235869284100772 130312.37714702700032 307.42952554070802762
889600 42.524010178241297808 1.3909224416693399817 -22931.561796403999324 130490.28205640900705 304.96153538160598373
890400 42.513638633421201973 1.399320877804250074 -22879.023839401699661 130549.43354650099354 307.09735724595299189
891200 42.499749238745302193 1.400220797642300008 -23013.842516961300134 130454.16248480899958 305.95143963598599157
